0.020000
0.020000
-0.060000
-0.180000
-0.240000
-0.280000
-0.290000
-0.295000
-0.277500
-0.278750
-0.259375
-0.279687
-0.284844
-0.312422
-0.296211
-0.308105
-0.324053
-0.347026
-0.358513
-0.354257
-0.362128
-0.371064
-0.385532
-0.412766
-0.451383
-0.465692
-0.452846
-0.476423
-0.468211
-0.539106
-0.589553
-0.679776
-0.729888
-0.749944
-0.714972
-0.677486
-0.643743
-0.626872
-0.628436
-0.619218
-0.609609
-0.629804
-0.659902
-0.689951
-0.709976
-0.714988
-0.707494
-0.698747
-0.704373
-0.707187
-0.713593
-0.701797
-0.705898
-0.682949
-0.681475
-0.650737
-0.650369
-0.610184
-0.595092
-0.562546
-0.546273
-0.543137
-0.506568
-0.488284
-0.439142
-0.429571
-0.414786
-0.397393
-0.378696
-0.359348
-0.369674
-0.379837
-0.389919
-0.409959
-0.409980
-0.379990
-0.339995
-0.334997
-0.327499
-0.368749
-0.384375
-0.417187
-0.423594
-0.436797
-0.493398
-0.531699
-0.575850
-0.582925
-0.601462
-0.595731
-0.597866
-0.593933
-0.611966
-0.610983
-0.605492
-0.612746
-0.611373
-0.610686
-0.605343
-0.587672
-0.593836
-0.591918
-0.600959
-0.615479
-0.597740
-0.588870
-0.549435
-0.524717
-0.502359
-0.526179
-0.513090
-0.506545
-0.458272
-0.424136
-0.367068
-0.308534
-0.219267
-0.079634
0.125183
0.472592
0.981296
1.645648
2.322824
3.036412
3.873206
4.791603
5.885801
7.067901
8.418950
9.834475
11.492238
13.246119
15.208059
17.174030
19.427015
21.748507
24.314254
26.837127
29.433563
31.936782
34.613391
37.281695
39.870848
42.625424
45.387712
48.393856
51.516928
55.058464
58.649232
62.419616
65.999808
69.389904
72.294952
74.827476
76.938738
78.804369
80.327184
81.578592
82.594296
83.452148
84.181074
84.820537
85.450269
86.020134
86.525067
86.907534
87.193767
87.391883
87.550942
87.655471
87.752735
87.826368
87.888184
87.944092
87.982046
87.991023
87.995511
87.982756
87.961378
87.905689
87.852844
87.766422
87.648211
87.429106
87.069553
86.354776
85.117388
82.478694
78.589347
73.094674
66.777337
59.683668
52.771834
46.115917
40.187959
34.693979
29.836990
25.358495
21.479247
18.049624
15.144812
12.712406
10.571203
8.765601
7.167801
5.843900
4.731950
3.840975
3.080488
2.445244
1.917622
1.453811
1.061905
0.720953
0.465476
0.277738
0.173869
0.081935
0.030967
-0.019516
-0.054758
-0.062379
-0.076190
-0.063095
-0.056547
-0.048274
-0.029137
-0.014568
0.017716
0.038858
0.064429
0.077214
0.103607
0.121804
0.120902
0.110451
0.075225
0.062613
0.026306
0.008153
0.004077
0.002038
0.041019
0.090510
0.205255
0.427627
0.818814
1.314407
1.967203
2.693602
3.596801
4.558400
5.729200
6.999600
8.449800
9.929900
11.464950
13.352475
15.381238
17.645619
19.977809
22.598905
25.264452
28.007226
30.643613
33.426807
36.098403
38.804202
41.402101
44.301050
47.345525
50.627763
53.873881
57.316941
60.623470
63.891735
66.865868
69.447934
71.808967
73.964483
76.142242
78.156121
80.068060
81.749030
83.294515
84.592258
85.731129
86.680564
87.530282
88.220141
88.760071
89.155035
89.462518
89.701259
89.945629
90.122815
90.206407
90.203204
90.176602
90.178301
90.159150
90.094575
89.947288
89.763644
89.541822
89.240911
88.805455
88.107728
87.053864
85.321932
83.035966
79.877983
76.038991
71.089496
65.564748
59.787374
53.668687
47.779343
41.984672
36.722336
31.851168
27.590584
23.760292
20.500146
17.610073
15.120036
12.850018
10.845009
9.027505
7.468752
6.119376
4.954688
3.932344
3.066172
2.338086
1.754043
1.282022
0.956011
0.708005
0.539003
0.394501
0.302251
0.206125
0.143063
0.076531
0.023266
-0.018367
-0.049184
-0.059592
-0.044796
-0.027398
-0.018699
-0.019349
0.040325
0.110163
0.175081
0.227541
0.248770
0.269385
0.269693
0.284846
0.317423
0.313712
0.296856
0.253428
0.216714
0.178357
0.149178
0.139589
0.139795
0.214897
0.412449
0.671224
1.045612
1.457806
2.008903
2.659452
3.589726
4.639863
5.819931
6.949966
8.184983
9.552491
11.186246
12.878123
14.789061
16.894531
19.232265
21.531133
23.940566
26.400283
28.840142
31.370071
34.000035
36.895018
39.792509
42.806254
45.653127
48.556564
51.298282
54.084141
56.687070
59.333535
61.886768
64.588384
67.249192
69.984596
72.562298
75.036149
77.283074
79.291537
81.220769
82.910384
84.390192
85.640096
86.775048
87.822524
88.861262
89.820631
90.685316
91.382658
91.916329
92.238164
92.369082
92.344541
92.237271
92.068635
91.844318
91.562159
91.191079
90.625540
89.852770
88.671385
87.030692
84.310346
80.645173
75.672587
70.076293
63.743147
57.431573
51.030787
45.055393
39.312697
34.211348
29.520674
25.490337
21.965169
19.042584
16.501292
14.370646
12.555323
10.917662
9.473831
8.141915
6.960958
5.885479
4.922739
4.046370
3.268185
2.579092
2.019546
1.579773
1.229887
0.939943
0.719972
0.494986
0.307493
0.143746
0.041873
-0.019063
0.000468
0.040234
0.085117
0.122559
0.156279
0.193140
0.226570
0.243285
0.266642
0.278321
0.294161
0.327080
0.318540
0.304270
0.267135
0.228568
0.209284
0.194642
0.157321
0.148660
0.219330
0.389665
0.674833
1.117416
1.678708
2.469354
3.374677
4.452339
5.611169
6.990585
8.480292
10.295146
12.372573
14.836287
17.463143
20.246572
23.608286
27.109143
30.699571
34.274786
38.067393
41.778696
45.484348
49.007174
52.453587
55.631794
58.795897
61.832948
64.921474
67.800737
70.590369
73.080184
75.370092
77.390046
79.165023
80.827512
82.238756
83.454378
84.492189
85.511094
86.440547
87.270274
87.900137
88.365068
88.802534
89.151267
89.415634
89.537817
89.613908
89.611954
89.570977
89.445489
89.232744
88.921372
88.485686
87.867843
86.623922
84.536961
80.908480
76.144240
69.927120
63.108560
55.739280
48.694640
41.862320
35.731160
30.145580
25.397790
21.288895
17.919448
15.019724
12.624862
10.522431
8.786215
7.358108
6.084054
5.012027
4.061013
3.275507
2.597753
2.053877
1.601938
1.230969
0.955485
0.742742
0.601371
0.500686
0.440343
0.415171
0.412586
0.416293
0.418146
0.399073
0.374537
0.372268
0.376134
0.333067
0.266534
0.193267
0.106633
0.063317
0.051658
0.050829
0.090415
0.135207
0.197604
0.243802
0.226901
0.208450
0.194225
0.242113
0.371056
0.595528
0.897764
1.283882
1.766941
2.323471
3.006735
3.823368
4.846684
5.973342
7.231671
8.555835
10.087918
11.723959
13.666979
15.768490
18.234245
20.897122
23.853561
27.426781
31.158390
35.089195
38.889598
42.794799
46.677399
50.823700
54.991850
59.285925
63.367962
67.323981
70.886991
74.193495
77.096748
79.733374
81.991687
83.975843
85.652922
87.076461
88.228230
89.154115
89.927058
90.573529
91.076764
91.428382
91.624191
91.697096
91.688548
91.629274
91.459637
91.214818
90.812409
90.371205
89.785602
89.042801
87.801401
86.050700
83.145350
79.327675
74.743838
68.961919
62.800959
56.200480
50.010240
44.175120
39.042560
34.351280
30.315640
26.767820
23.798910
21.174455
18.917227
16.818614
14.984307
13.282153
11.776077
10.388038
9.194019
8.182010
7.221005
6.370502
5.535251
4.797626
4.088813
3.504406
2.927203
2.458602
2.029301
1.684650
1.377325
1.148663
0.954331
0.792166
0.671083
0.555541
0.467771
0.413885
0.371943
0.350971
0.315486
0.302743
0.281371
0.285686
0.312843
0.341421
0.365711
0.347855
0.348928
0.314464
0.302232
0.246116
0.223058
0.181529
0.175764
0.192882
0.266441
0.393221
0.576610
0.838305
1.214153
1.797076
2.653538
3.626769
4.768385
5.999192
7.369596
8.709798
10.059899
11.349950
12.764975
14.227487
15.963744
17.841872
19.870936
22.255468
24.807734
27.768867
30.814433
34.112217
37.311108
40.680554
44.080277
47.685139
51.137569
54.643785
57.996892
61.378446
64.609223
67.919612
70.984806
73.907403
76.583701
79.196851
81.503425
83.431713
85.060856
86.420428
87.585214
88.547607
89.338804
89.984402
90.642201
91.276100
91.893050
92.401525
92.880763
93.270381
93.620191
93.880095
93.985048
93.877524
93.523762
93.006881
92.353440
91.356720
90.033360
88.081680
85.680840
82.355420
78.357710
73.233855
67.596928
61.348464
55.324232
49.582116
44.501058
39.815529
35.572764
31.516382
27.878191
24.569096
21.659548
19.009774
16.694887
14.697443
12.908722
11.384361
10.092180
9.066090
8.238045
7.609023
7.099511
6.659756
6.204878
5.757439
5.233719
4.716860
4.208430
3.739215
3.299607
2.889804
2.514902
2.152451
1.836225
1.523113
1.236556
0.998278
0.804139
0.652070
0.536035
0.458017
0.404009
0.367004
0.333502
0.326751
0.353376
0.376688
0.383344
0.381672
0.390836
0.390418
0.395209
0.412604
0.396302
0.403151
0.386576
0.393288
0.381644
0.365822
0.342911
0.361455
0.435728
0.482864
0.491432
0.470716
0.435358
0.397679
0.383839
0.376920
0.393460
0.406730
0.408365
0.414182
0.392091
0.391046
0.395523
0.432761
0.431381
0.425690
0.372845
0.341423
0.305711
0.297856
0.338928
0.379464
0.404732
0.412366
0.426183
0.453091
0.511546
0.590773
0.660386
0.735193
0.802597
0.861298
0.930649
1.015325
1.177662
1.383831
1.661916
1.920958
2.185479
2.412739
2.771370
3.245685
4.037842
5.068921
6.334461
8.187230
10.538615
13.744308
17.397154
22.038577
27.369288
33.719644
40.129822
46.654911
52.797456
58.933728
64.656864
70.058432
74.694216
78.662108
81.811054
84.300527
86.055263
87.267632
88.073816
88.641908
89.105954
89.427977
89.658988
89.779494
89.924747
90.052374
90.171187
90.200593
90.165297
90.097648
90.043824
89.981912
89.885956
89.787978
89.678989
89.554495
89.317247
88.963624
88.476812
87.688406
86.554203
84.747101
82.303551
78.721775
74.360888
69.015444
63.307722
57.223861
51.366930
45.493465
39.906733
34.428366
29.484183
24.982092
21.126046
17.723023
14.816511
12.313256
10.051628
8.090814
6.370407
4.945203
3.742602
2.791301
2.065650
1.532825
1.161413
0.895706
0.727853
0.623927
0.601963
0.635982
0.677991
0.693995
0.696998
0.698499
0.699249
0.679625
0.644812
0.622406
0.616203
0.613102
0.621551
0.620775
0.600388
0.595194
0.572597
0.571298
0.540649
0.535325
0.507662
0.508831
0.539416
0.584708
0.732354
0.931177
1.325588
1.877794
2.678897
3.714449
5.227224
6.983612
9.086806
11.423403
14.311702
17.745851
22.217925
27.283963
33.406981
39.958491
47.349245
54.729623
61.634811
68.217406
73.948703
78.899351
82.854676
86.057338
88.448669
90.174334
91.352167
92.216084
92.778042
93.049021
93.094510
93.022255
92.941128
92.835564
92.722782
92.526391
92.313195
92.056598
91.773299
91.521649
91.190825
90.720412
89.665206
87.977603
85.233802
81.486901
76.158450
69.879225
62.419613
54.764806
46.952403
39.796202
33.243101
27.631550
22.705775
18.522888
14.796444
11.613222
8.941611
6.670805
4.865403
3.487701
2.443851
1.691925
1.205963
0.862981
0.666491
0.578245
0.524123
0.512061
0.546031
0.598015
0.644008
0.702004
0.731002
0.750501
0.745250
0.727625
0.703813
0.641906
0.570953
0.495477
0.437738
0.388869
0.439435
0.569717
0.794859
1.102429
1.546215
2.118107
2.959054
4.014527
5.502263
7.326132
9.793066
12.811533
16.955766
22.242883
27.956442
34.388221
41.109110
48.524555
55.877278
63.133639
69.606819
75.228410
79.644205
83.067102
85.678551
87.734276
89.227138
90.253569
90.931784
91.390892
91.640446
91.720223
91.675112
91.537556
91.338778
91.134389
90.887194
90.603597
90.306799
89.933399
89.251700
88.185850
86.407925
83.863962
79.781981
74.690991
68.245495
61.247748
53.568874
46.159437
39.304718
32.762359
26.946180
21.603090
16.986545
12.908272
9.529136
6.804568
4.752284
3.276142
2.303071
1.696536
1.328268
1.119134
1.014567
0.962283
0.956142
0.943071
0.931535
0.920768
0.910384
0.915192
0.932596
0.936298
0.898149
0.874074
0.837037
0.808519
0.789259
0.764630
0.762315
0.771157
0.840579
0.960289
1.190145
1.545072
2.172536
3.111268
4.435634
6.472817
8.981409
12.380704
16.350352
21.105176
26.112588
31.521294
36.820647
42.360324
48.005162
54.387581
60.763790
67.046895
72.668448
77.614224
81.577112
84.688556
86.989278
88.729639
89.954819
90.732410
91.146205
91.368102
91.519051
91.614526
91.727263
91.788631
91.794316
91.702158
91.436079
91.033039
90.341520
89.350760
87.705380
85.597690
82.113845
77.356922
70.768461
63.434231
56.042115
48.511058
41.620529
35.310264
29.950132
25.075066
20.962533
17.276267
14.098133
11.179067
8.674533
6.467267
4.688633
3.314317
2.317158
1.698579
1.324290
1.142145
1.036072
0.988036
0.964018
0.947009
0.933505
0.931752
0.915876
0.892938
0.866469
0.868235
0.844117
0.807059
0.763529
0.736765
0.693382
0.676691
0.678346
0.754173
0.897086
1.133543
1.461772
1.895886
2.417943
3.038971
3.754486
4.627243
5.643621
7.131811
9.115905
12.032953
15.691476
20.510738
25.905369
32.382685
39.381342
47.430671
55.640336
63.330168
70.455084
76.447542
81.338771
85.079385
87.849693
89.814846
91.082423
91.911212
92.425606
92.752803
92.851401
92.790701
92.585350
92.352675
92.156338
92.023169
91.871584
91.675792
91.422896
91.011448
90.450724
89.435362
87.892681
85.276341
81.568170
76.004085
69.377043
61.603521
53.881761
46.270880
39.490440
33.360220
28.210110
23.715055
19.967528
16.608764
13.669382
10.904691
8.462345
6.426173
4.698086
3.369043
2.414522
1.822261
1.486130
1.308065
1.214033
1.157016
1.143508
1.146754
1.128377
1.114189
1.087094
1.058547
0.994274
0.967137
0.913568
0.891784
0.860892
0.815446
0.787723
0.773862
0.806931
0.858465
1.019233
1.289616
1.694808
2.267404
2.968702
3.909351
4.974676
6.232338
7.651169
9.520584
11.770292
14.410146
17.935073
22.112537
27.251268
33.085634
40.342817
48.531409
57.765704
66.487852
74.253926
80.481963
85.390982
89.010491
91.545245
93.132623
94.086311
94.633156
94.881578
94.950789
94.890394
94.775197
94.632599
94.436299
94.243150
93.911575
93.430787
92.540394
91.185197
88.942598
85.891299
81.200650
75.230325
67.555162
59.332581
50.776291
42.903145
35.716573
29.618286
24.584143
20.282072
16.771036
13.770518
11.270259
9.075129
7.187565
5.473782
4.046891
2.913446
2.106723
1.548361
1.209181
1.004590
0.902295
0.841148
0.830574
0.810287
0.790143
0.730072
0.655036
0.602518
0.556259
0.518129
0.479065
0.429532
0.389766
0.384883
0.457442
0.623721
0.931860
1.340930
1.965465
2.767733
3.888866
5.229433
6.824717
8.537358
10.598679
12.939340
15.544670
18.597335
21.868667
25.469334
29.354667
34.122333
39.471167
45.855583
52.712792
60.171396
67.295698
73.847849
79.223924
83.521962
86.760981
89.110491
90.630245
91.560123
92.110061
92.340031
92.235015
91.877508
91.243754
90.531877
89.740938
88.880469
87.575235
85.782617
82.736309
78.503154
72.376577
65.173289
56.671644
48.155822
39.887911
32.683956
26.446978
21.158489
16.864244
13.372122
10.581061
8.280531
6.455265
4.967633
3.803816
2.886908
2.183454
1.696727
1.373364
1.221682
1.160841
1.180420
1.195210
1.217605
1.198803
1.159401
1.134701
1.077350
1.058675
1.019338
1.009669
0.999834
0.959917
0.974959
0.957479
0.923740
0.886870
0.873435
0.891717
0.955859
0.987929
0.988965
1.019482
1.039741
1.059871
1.069935
1.094968
1.172484
1.316242
1.608121
2.034060
2.797030
3.823515
5.461758
7.640879
11.045439
15.647720
22.243860
30.111930
39.535965
49.297982
59.318991
68.274496
75.792248
81.576124
85.793062
88.666531
90.393265
91.106633
91.068316
90.274158
88.892079
86.481040
82.895520
77.157760
69.878880
60.684440
50.942220
40.896110
31.673055
23.411527
16.690764
11.490382
7.730191
5.135095
3.437548
2.373774
1.736887
1.353443
1.141722
1.025861
0.962930
0.921465
0.880733
0.835366
0.802683
0.811342
0.960671
1.255335
1.967668
3.168834
5.374417
8.517208
12.898604
19.329302
26.844651
35.647326
44.643663
53.801831
61.870916
68.685458
73.882729
77.621364
80.005682
81.342841
81.941421
81.935710
81.532855
79.711428
75.975714
69.002857
59.981428
49.225714
38.637857
29.128929
20.844464
14.282232
9.511116
6.265558
4.162779
2.856390
2.063195
1.596597
1.308299
1.074149
0.917075
0.798537
0.719269
0.709634
0.789817
1.084909
1.697454
3.293727
5.911864
10.365932
16.217966
24.243983
33.126991
42.718496
51.689248
59.889624
66.729812
72.239906
76.274953
78.997476
80.728738
81.809369
82.384685
82.357342
81.663671
79.956836
76.228418
70.599209
62.059604
52.214802
41.607401
31.778701
23.089350
16.194675
11.012338
7.346169
4.908084
3.349042
2.379521
1.804761
1.482380
1.301190
1.180595
1.110298
1.055149
1.032574
1.016287
1.068144
1.224072
1.757036
2.768518
4.649259
7.459629
12.229815
18.639907
26.859954
35.569977
44.789988
53.329994
60.969997
67.164999
72.172499
75.831250
78.285625
79.807812
80.543906
80.591953
79.915977
77.737988
73.863994
67.201997
58.765999
48.772999
38.961500
29.665750
21.782875
15.281437
10.375719
6.807859
4.363930
2.751965
1.755982
1.172991
0.826496
0.663248
0.616624
0.598312
0.644156
0.652078
0.656039
0.638019
0.869010
1.474505
2.932252
5.216126
9.143063
14.511532
22.365766
31.352883
41.136441
50.353221
58.761610
65.680805
70.970403
74.920201
77.675101
79.347550
80.143775
80.201888
79.780944
78.715472
76.247736
71.723868
65.586934
57.228467
48.004233
38.202117
29.166058
21.208029
14.904015
10.232007
6.866004
4.583002
3.106501
2.218250
1.669125
1.344563
1.157281
1.028641
0.949320
0.904660
0.907330
0.933665
1.011833
1.180916
1.625458
2.427729
4.053865
6.436932
9.618466
14.464233
20.527117
27.933558
35.826779
44.518390
53.064195
61.107097
67.863549
73.346774
77.513387
80.476694
82.343347
83.231673
83.390837
82.910418
81.880209
79.530105
75.455052
69.312526
60.281263
50.120632
39.350316
29.490158
20.880079
14.160039
9.220020
5.855010
3.662505
2.321252
1.535626
1.072813
0.806407
0.668203
0.594102
0.577051
0.588525
0.584263
0.597131
0.723566
1.111783
2.155891
3.952946
6.931473
10.740736
16.285368
23.182684
31.686342
40.518171
49.714086
58.092043
65.286021
70.838011
74.804005
77.432003
79.106001
80.178001
80.754000
80.892000
80.456000
78.633000
75.141500
68.810750
60.570375
50.480188
40.415094
30.772547
22.506273
15.743137
10.601568
6.865784
4.312892
2.701446
1.725723
1.172862
0.881431
0.710715
0.610358
0.535179
0.477589
0.453795
0.441897
0.415949
0.382974
0.381487
0.500744
0.865372
1.727686
3.218843
5.754421
9.167211
14.323605
21.856803
31.663401
42.116701
52.158350
61.479175
69.354588
75.892294
80.901147
84.375573
86.537787
87.573893
87.991947
87.995973
87.717987
86.788993
84.934497
81.112248
75.646124
67.623062
58.191531
47.500766
37.235383
28.102691
20.186346
13.973173
9.371586
6.210793
4.145397
2.857698
2.068849
1.624425
1.357212
1.228606
1.124303
1.052152
0.971076
0.920538
0.865269
0.857634
1.008817
1.409409
2.164704
3.647352
5.893676
9.496838
14.268419
21.169210
29.254605
38.632302
47.986151
56.928076
64.604038
71.047019
75.988509
79.459255
81.729627
83.034814
83.667407
83.648703
83.014352
80.927176
77.238588
71.734294
63.372147
53.626073
42.978037
33.059018
24.224509
17.152255
11.761127
7.930564
5.325282
3.642641
2.596320
1.978160
1.634080
1.437040
1.308520
1.229260
1.144630
1.112315
1.111158
1.145579
1.247789
1.468895
1.874447
2.682224
4.056112
6.448056
9.784028
14.857014
21.073507
28.816753
37.093377
45.971688
54.370844
61.975422
68.272711
73.596356
77.783178
80.901589
83.130794
84.615397
85.457699
85.738849
85.314425
83.947212
80.333606
74.491803
65.560902
55.190451
43.885225
33.452613
24.186306
16.803153
11.246577
7.388288
4.799144
3.149572
2.189786
1.664893
1.392447
1.231223
1.150612
1.095306
1.072653
1.046326
1.033163
0.991582
0.970791
0.925395
0.907698
0.908849
0.914424
0.937212
0.978606
1.084303
1.352152
1.931076
3.390538
5.870269
10.735134
18.377567
29.733784
41.901892
53.005946
61.582973
67.216486
70.088243
69.739122
66.489561
59.604780
50.672390
40.336195
30.608098
22.059049
15.329524
10.419762
6.934881
4.652441
3.186220
2.348110
2.029055
2.314528
3.797264
6.373632
10.821816
17.275908
26.967954
37.538977
47.364488
54.802244
59.036122
60.193061
57.696531
52.548265
45.519133
36.824566
28.312283
20.586142
14.428071
9.784035
6.572018
4.436009
3.138004
2.489002
2.434501
3.312251
5.126125
8.263063
12.671531
20.060766
29.650383
40.435191
50.042596
57.481298
62.270649
64.340324
63.035162
58.952581
51.816291
43.383145
34.291573
26.015786
18.867893
13.288947
9.109473
6.229737
4.284868
3.067434
2.428717
2.364359
3.257179
5.228590
8.684295
13.132147
18.961074
27.505537
36.992768
46.076384
53.278192
57.889096
59.809548
58.474774
54.677387
48.163694
40.376847
31.843423
24.051712
17.375856
12.177928
8.338964
5.724482
3.982241
2.921120
2.425560
2.557780
3.518890
5.939445
9.894723
17.617361
26.803681
36.751840
45.900920
53.570460
59.105230
62.202615
62.896308
60.408154
55.419077
47.859538
39.494769
31.427385
24.008692
17.889346
12.989673
9.319837
6.634918
4.767459
3.598730
2.939365
2.759682
3.114841
4.642421
7.471210
12.685605
19.962803
29.801401
39.975701
49.192850
56.166425
60.748213
63.019106
63.239553
60.719777
55.999888
48.794944
40.622472
32.021236
24.290618
17.710309
12.635155
8.842577
6.176289
4.423144
3.331572
2.875786
2.982893
4.051447
6.165723
9.767862
16.338931
24.929465
35.479733
45.619866
54.264933
60.597467
64.813733
67.301867
68.120933
67.300467
64.120233
59.115117
51.732558
43.361279
34.475640
26.392820
19.426410
13.933205
9.786602
6.828301
4.824151
3.547075
2.818538
2.649269
3.084634
4.782317
7.611159
12.215579
18.527790
28.143895
38.946947
49.528474
58.164237
64.492118
68.621059
70.625530
70.727765
68.298882
63.784441
57.582221
49.456110
40.958055
32.444028
24.957014
18.598507
13.624253
9.882127
7.211063
5.405532
4.207766
3.568883
3.429441
4.299721
6.434860
11.037430
17.863715
27.416858
37.968429
47.984214
56.662107
63.236054
67.828027
70.639013
71.609507
70.769753
67.339877
61.849938
53.909969
45.094985
35.387492
26.683746
19.356873
13.708437
9.509218
6.599609
4.644805
3.402402
2.706201
2.578101
3.134050
5.247025
9.083513
16.026756
25.113378
36.686689
48.138345
58.229172
65.889586
71.209793
74.469897
75.654948
74.787474
70.978737
64.869369
56.969684
47.419842
37.904921
28.952461
21.476230
15.503115
11.041558
7.825779
5.647889
4.328945
3.749472
4.134736
5.772368
9.906184
16.353092
25.976546
36.638273
47.289137
56.289568
63.114784
67.852392
70.656196
71.383098
70.226549
66.768275
61.609137
54.239569
45.864784
36.812392
28.376196
20.828098
14.739049
10.079525
6.804762
4.587381
3.163691
2.251845
1.650923
1.255461
0.997731
0.883865
0.846933
0.823466
0.791733
0.765867
0.757933
0.758967
0.784483
0.797242
0.823621
0.826810
0.833405
0.821703
0.825851
0.822926
0.826463
0.823231
0.821616
0.835808
0.837904
0.853952
0.851976
0.840988
0.850494
0.850247
0.845123
0.817562
0.773781
0.736890
0.718445
0.759223
0.789611
0.819806
0.814903
0.832451
0.831226
0.845613
0.852806
0.841403
0.855702
0.842851
0.866425
0.858213
0.879106
0.879553
0.889777
0.889888
0.854944
0.842472
0.856236
0.873118
0.876559
0.888280
0.899140
0.904570
0.907285
0.953642
0.966821
0.983411
0.991705
1.005853
1.037926
1.038963
1.039482
1.014741
0.962370
0.886185
0.833093
0.806546
0.813273
0.851637
0.890818
0.950409
1.000205
1.010102
1.020051
1.000026
1.030013
1.105006
1.332503
1.701252
2.330626
3.075313
3.952656
4.826328
5.608164
6.164082
6.332041
6.116021
5.513010
4.761505
3.950753
3.220376
2.650188
2.245094
2.032547
2.076274
2.378137
3.059068
4.004534
5.197267
6.383634
7.466817
8.278408
8.709204
8.704602
8.172301
7.286151
6.183075
5.121538
4.195769
3.527884
3.198942
3.209471
3.519736
4.214868
5.152434
6.281217
7.340608
8.190304
8.660152
8.600076
8.100038
7.220019
6.185010
5.157505
4.358752
3.919376
3.849688
4.274844
5.062422
6.271211
7.615606
8.897803
10.018901
10.709451
10.739725
10.124863
8.907431
7.508716
6.104358
4.932179
4.106089
3.683045
3.696522
4.098261
4.969131
6.124565
7.442283
8.666141
9.588071
10.004035
9.702018
8.851009
7.675504
6.377752
5.228876
4.359438
3.849719
3.869860
4.319930
5.314965
6.567482
7.953741
9.151871
9.935935
10.092968
9.506484
8.488242
7.179121
5.909560
4.814780
4.037390
3.668695
3.864348
4.662174
5.906087
7.233043
8.446522
9.328261
9.589130
9.249565
8.259783
7.059891
5.794946
4.747473
3.998736
3.649368
3.684684
4.127342
4.833671
5.781836
6.785918
7.712959
8.356479
8.508240
8.129120
7.269560
6.204780
5.192390
4.396195
3.953097
3.901549
4.335774
5.177887
6.328944
7.554472
8.572236
9.176118
9.228059
8.569029
7.539515
6.264757
5.102379
4.211189
3.735595
3.692797
4.071399
4.925699
6.002850
7.201425
8.275712
9.057856
9.363928
8.966964
8.083482
6.861741
5.650871
4.600435
3.850218
3.485109
3.742554
4.526277
5.813139
7.281569
8.760785
9.990392
10.635196
10.642598
9.846299
8.618150
7.204075
6.002037
5.141019
4.605509
4.532755
4.886377
5.668189
6.844094
8.142047
9.451024
10.520512
11.135256
11.162628
10.446314
9.298157
7.859078
6.509539
5.459770
4.834885
4.727442
5.158721
6.229361
7.729680
9.574840
11.407420
12.993710
14.066855
14.443428
13.791714
12.430857
10.540428
8.645214
6.967607
5.713804
5.086902
5.103451
5.921725
7.225863
8.882931
10.471466
11.690733
12.255366
11.882683
10.826342
9.223171
7.591585
6.150793
5.120396
4.640198
4.875099
5.727550
7.163775
8.816887
10.508444
11.884222
12.512111
12.291055
11.070528
9.385264
7.562632
6.076316
5.063158
4.586579
4.593289
5.096645
5.998322
7.249161
8.569581
9.734790
10.522395
10.611198
10.055599
8.882799
7.561400
6.270700
5.220350
4.555175
4.402587
4.916294
5.918147
7.389073
9.004537
10.512268
11.631134
12.135567
11.702784
10.551392
8.870696
7.180348
5.665174
4.597587
4.138793
4.319397
5.129698
6.284849
7.617425
8.818712
9.654356
9.982178
9.586089
8.688045
7.514022
6.222011
5.051006
4.150503
3.665251
3.842626
4.556313
5.748156
7.044078
8.162039
8.881020
8.875510
8.282755
7.141377
5.915689
4.792844
4.036422
3.698211
3.804106
4.532053
5.681026
7.060513
8.500257
9.710128
10.245064
10.052532
9.051266
7.695633
6.217817
4.873908
3.741954
2.850977
2.175489
1.732744
1.426372
1.233186
1.091593
1.030797
0.970398
0.950199
0.930100
0.875050
0.837525
0.783762
0.766881
0.698441
0.659220
0.604610
0.592305
0.631153
0.705576
0.777788
0.828894
0.864447
0.887224
0.873612
0.876806
0.878403
0.884201
0.877101
0.878550
0.899275
0.914638
0.942319
0.951159
0.965580
0.922790
0.931395
0.925697
0.937849
0.923924
0.931962
0.910981
0.905491
0.907745
0.908873
0.914436
0.922218
0.916109
0.923055
0.931527
0.950764
0.990382
1.020191
1.035095
1.037548
1.048774
1.064387
1.082193
1.106097
1.098048
1.099024
1.089512
1.099756
1.089878
1.069939
1.069970
1.089985
1.099992
1.104996
1.132498
1.141249
1.150625
1.150312
1.145156
1.132578
1.136289
1.143145
1.146572
1.138286
1.134143
1.142072
1.166036
1.173018
1.186509
1.193254
1.201627
1.210814
1.210407
1.215203
1.197602
1.183801
1.171900
1.195950
1.202975
1.206488
1.198244
1.189122
1.169561
1.174780
1.182390
1.171195
1.160598
1.130299
1.090149
1.085075
1.107537
1.148769
1.149384
1.149692
1.164846
1.192423
1.226212
1.248106
1.239053
1.209526
1.224763
1.247382
1.283691
1.151845
0.775923
0.097961
-0.236019
-0.098010
0.230995
0.525498
0.722749
0.826374
0.918187
1.014094
1.097047
1.168523
1.239262
1.169631
