0.020000
0.020000
-0.033333
-0.100000
-0.180000
-0.265000
-0.305000
-0.305000
-0.295000
-0.285000
-0.270000
-0.270000
-0.277500
-0.292500
-0.302500
-0.307500
-0.320000
-0.327500
-0.350000
-0.357500
-0.365000
-0.367500
-0.375000
-0.397500
-0.427500
-0.452500
-0.462500
-0.477500
-0.470000
-0.502500
-0.552500
-0.620000
-0.700000
-0.740000
-0.750000
-0.717500
-0.675000
-0.635000
-0.622500
-0.615000
-0.612500
-0.622500
-0.637500
-0.665000
-0.697500
-0.715000
-0.717500
-0.710000
-0.705000
-0.702500
-0.707500
-0.707500
-0.707500
-0.695000
-0.685000
-0.667500
-0.652500
-0.630000
-0.605000
-0.582500
-0.552500
-0.545000
-0.517500
-0.502500
-0.467500
-0.437500
-0.420000
-0.397500
-0.390000
-0.370000
-0.365000
-0.367500
-0.377500
-0.400000
-0.407500
-0.397500
-0.372500
-0.347500
-0.325000
-0.340000
-0.365000
-0.395000
-0.422500
-0.432500
-0.470000
-0.500000
-0.547500
-0.582500
-0.600000
-0.605000
-0.600000
-0.600000
-0.602500
-0.607500
-0.607500
-0.615000
-0.610000
-0.610000
-0.610000
-0.597500
-0.595000
-0.590000
-0.592500
-0.607500
-0.602500
-0.600000
-0.575000
-0.542500
-0.517500
-0.510000
-0.507500
-0.507500
-0.490000
-0.450000
-0.402500
-0.340000
-0.270000
-0.157500
0.002500
0.270000
0.675000
1.237500
1.905000
2.637500
3.442500
4.292500
5.287500
6.412500
7.677500
9.062500
10.605000
12.292500
14.142500
16.115000
18.247500
20.515000
22.942500
25.497500
28.085000
30.677500
33.280000
35.927500
38.535000
41.270000
43.985000
46.847500
49.892500
53.197500
56.720000
60.417500
64.152500
67.697500
70.937500
73.730000
76.097500
78.070000
79.732500
81.100000
82.240000
83.150000
83.915000
84.572500
85.190000
85.760000
86.290000
86.747500
87.097500
87.347500
87.517500
87.635000
87.727500
87.805000
87.865000
87.925000
87.967500
87.992500
88.005000
87.997500
87.977500
87.940000
87.890000
87.817500
87.715000
87.555000
87.282500
86.772500
85.860000
84.017500
81.015000
76.505000
70.650000
63.837500
56.627500
49.592500
43.042500
37.195000
31.975000
27.330000
23.165000
19.520000
16.335000
13.685000
11.392500
9.477500
7.810000
6.370000
5.167500
4.165000
3.352500
2.675000
2.117500
1.627500
1.215000
0.857500
0.562500
0.337500
0.187500
0.090000
0.032500
-0.007500
-0.047500
-0.062500
-0.080000
-0.075000
-0.065000
-0.057500
-0.037500
-0.025000
0.000000
0.025000
0.050000
0.072500
0.092500
0.112500
0.120000
0.122500
0.100000
0.077500
0.045000
0.017500
0.007500
-0.005000
0.017500
0.055000
0.135000
0.297500
0.580000
0.997500
1.572500
2.265000
3.087500
4.015000
5.085000
6.297500
7.647500
9.120000
10.645000
12.387500
14.265000
16.390000
18.717500
21.212500
23.842500
26.552500
29.295000
32.042500
34.752500
37.442500
40.122500
42.870000
45.775000
48.875000
52.155000
55.545000
58.930000
62.242500
65.422500
68.240000
70.800000
73.040000
75.160000
77.195000
79.147500
80.975000
82.605000
84.035000
85.257500
86.307500
87.192500
87.947500
88.555000
89.035000
89.382500
89.640000
89.862500
90.050000
90.180000
90.245000
90.235000
90.205000
90.167500
90.125000
90.037500
89.887500
89.682500
89.410000
89.052500
88.510000
87.680000
86.342500
84.437500
81.765000
78.315000
73.952500
68.775000
63.097500
56.935000
50.872500
44.910000
39.272500
34.130000
29.490000
25.425000
21.870000
18.805000
16.130000
13.792500
11.692500
9.815000
8.135000
6.682500
5.420000
4.345000
3.417500
2.627500
1.972500
1.447500
1.055000
0.767500
0.567500
0.427500
0.322500
0.235000
0.162500
0.102500
0.042500
0.000000
-0.040000
-0.060000
-0.060000
-0.047500
-0.030000
-0.017500
0.015000
0.062500
0.125000
0.200000
0.242500
0.270000
0.277500
0.282500
0.302500
0.307500
0.310000
0.287500
0.245000
0.202500
0.162500
0.142500
0.132500
0.170000
0.292500
0.492500
0.812500
1.207500
1.695000
2.290000
3.065000
4.020000
5.130000
6.322500
7.547500
8.855000
10.310000
11.932500
13.752500
15.772500
17.960000
20.275000
22.687500
25.152500
27.580000
30.097500
32.667500
35.400000
38.252500
41.232500
44.200000
47.117500
49.955000
52.717500
55.415000
58.045000
60.645000
63.250000
65.905000
68.590000
71.265000
73.820000
76.225000
78.370000
80.372500
82.145000
83.730000
85.127500
86.317500
87.385000
88.392500
89.365000
90.275000
91.077500
91.715000
92.160000
92.397500
92.457500
92.377500
92.212500
91.992500
91.732500
91.405000
90.945000
90.310000
89.362500
88.005000
85.887500
82.862500
78.665000
73.437500
67.392500
60.927500
54.410000
48.060000
42.100000
36.597500
31.647500
27.242500
23.460000
20.212500
17.495000
15.190000
13.265000
11.555000
10.072500
8.715000
7.475000
6.357500
5.340000
4.430000
3.607500
2.877500
2.252500
1.745000
1.342500
1.032500
0.792500
0.575000
0.385000
0.217500
0.077500
-0.010000
-0.035000
-0.010000
0.037500
0.097500
0.140000
0.177500
0.210000
0.235000
0.260000
0.275000
0.287500
0.312500
0.317500
0.317500
0.297500
0.255000
0.225000
0.197500
0.170000
0.157500
0.182500
0.277500
0.487500
0.842500
1.330000
2.005000
2.835000
3.827500
4.960000
6.237500
7.660000
9.305000
11.225000
13.457500
15.987500
18.717500
21.847500
25.175000
28.725000
32.430000
36.152500
39.872500
43.597500
47.267500
50.777500
54.107500
57.300000
60.385000
63.412500
66.380000
69.235000
71.910000
74.322500
76.505000
78.395000
80.125000
81.622500
82.937500
84.085000
85.095000
86.025000
86.882500
87.632500
88.207500
88.675000
89.025000
89.312500
89.520000
89.632500
89.660000
89.622500
89.537500
89.370000
89.120000
88.750000
88.232500
87.322500
85.782500
83.090000
79.122500
73.705000
67.165000
59.937500
52.505000
45.335000
38.662500
32.710000
27.460000
22.997500
19.235000
16.125000
13.520000
11.330000
9.455000
7.907500
6.552500
5.432500
4.447500
3.587500
2.865000
2.257500
1.767500
1.360000
1.050000
0.805000
0.632500
0.517500
0.442500
0.407500
0.395000
0.400000
0.410000
0.407500
0.392500
0.380000
0.370000
0.347500
0.310000
0.247500
0.157500
0.090000
0.050000
0.032500
0.060000
0.100000
0.155000
0.215000
0.235000
0.237500
0.217500
0.217500
0.290000
0.447500
0.702500
1.047500
1.485000
2.000000
2.622500
3.365000
4.270000
5.325000
6.525000
7.835000
9.272500
10.837500
12.617500
14.615000
16.885000
19.435000
22.235000
25.517500
29.065000
32.930000
36.900000
40.825000
44.742500
48.730000
52.847500
57.067500
61.290000
65.367500
69.190000
72.670000
75.807500
78.580000
81.030000
83.145000
84.977500
86.510000
87.792500
88.822500
89.665000
90.345000
90.895000
91.320000
91.600000
91.737500
91.762500
91.710000
91.577500
91.377500
91.060000
90.650000
90.127500
89.460000
88.497500
87.090000
84.850000
81.652500
77.552500
72.272500
66.372500
59.895000
53.310000
47.100000
41.417500
36.432500
32.047500
28.267500
24.997500
22.220000
19.815000
17.690000
15.770000
14.027500
12.430000
11.000000
9.712500
8.610000
7.607500
6.737500
5.912500
5.135000
4.415000
3.765000
3.177500
2.660000
2.215000
1.820000
1.500000
1.232500
1.022500
0.845000
0.715000
0.595000
0.500000
0.432500
0.377500
0.350000
0.325000
0.307500
0.290000
0.280000
0.295000
0.315000
0.347500
0.357500
0.360000
0.337500
0.312500
0.277500
0.240000
0.205000
0.175000
0.180000
0.215000
0.310000
0.457500
0.680000
0.992500
1.457500
2.145000
3.020000
4.100000
5.312500
6.620000
7.982500
9.357500
10.710000
12.070000
13.480000
15.052500
16.822500
18.752500
20.990000
23.405000
26.157500
29.147500
32.340000
35.627500
38.957500
42.362500
45.832500
49.352500
52.877500
56.345000
59.712500
63.025000
66.295000
69.470000
72.487500
75.342500
77.987500
80.427500
82.560000
84.417500
85.910000
87.145000
88.182500
89.042500
89.755000
90.392500
90.992500
91.587500
92.157500
92.672500
93.110000
93.475000
93.782500
93.965000
93.992500
93.792500
93.380000
92.782500
91.930000
90.815000
89.225000
87.120000
84.287500
80.700000
76.195000
70.865000
64.882500
58.617500
52.550000
46.915000
41.922500
37.430000
33.335000
29.540000
26.072500
22.927500
20.152500
17.687500
15.547500
13.640000
12.015000
10.620000
9.455000
8.527500
7.807500
7.255000
6.800000
6.385000
5.967500
5.497500
4.992500
4.480000
3.970000
3.507500
3.077500
2.687500
2.317500
1.982500
1.665000
1.367500
1.110000
0.882500
0.705000
0.572500
0.477500
0.412500
0.370000
0.340000
0.325000
0.332500
0.350000
0.372500
0.387500
0.392500
0.390000
0.392500
0.405000
0.400000
0.405000
0.397500
0.390000
0.387500
0.372500
0.360000
0.355000
0.390000
0.435000
0.480000
0.497500
0.470000
0.427500
0.395000
0.375000
0.377500
0.392500
0.402500
0.415000
0.405000
0.397500
0.395000
0.407500
0.422500
0.430000
0.410000
0.370000
0.330000
0.297500
0.312500
0.340000
0.380000
0.412500
0.427500
0.442500
0.477500
0.540000
0.612500
0.695000
0.770000
0.832500
0.900000
0.972500
1.090000
1.257500
1.492500
1.762500
2.040000
2.302500
2.600000
2.985000
3.580000
4.445000
5.562500
7.142500
9.157500
11.870000
15.232500
19.392500
24.345000
30.125000
36.497500
43.122500
49.682500
55.932500
61.892500
67.462500
72.560000
76.950000
80.595000
83.427500
85.547500
87.010000
87.990000
88.595000
89.035000
89.352500
89.605000
89.777500
89.902500
90.010000
90.110000
90.192500
90.207500
90.170000
90.095000
90.017500
89.932500
89.847500
89.742500
89.620000
89.442500
89.172500
88.777500
88.145000
87.230000
85.812500
83.780000
80.840000
76.985000
72.167500
66.602500
60.602500
54.480000
48.467500
42.647500
37.100000
31.857500
27.072500
22.810000
19.152500
15.995000
13.327500
10.957500
8.910000
7.095000
5.522500
4.210000
3.137500
2.310000
1.680000
1.242500
0.940000
0.745000
0.625000
0.572500
0.582500
0.622500
0.670000
0.700000
0.707500
0.702500
0.690000
0.667500
0.642500
0.620000
0.607500
0.612500
0.617500
0.610000
0.605000
0.585000
0.572500
0.555000
0.540000
0.522500
0.507500
0.522500
0.547500
0.647500
0.802500
1.090000
1.540000
2.190000
3.095000
4.350000
5.927500
7.855000
10.107500
12.722500
15.832500
19.707500
24.355000
29.937500
36.270000
43.282500
50.722500
57.975000
65.047500
71.282500
76.717500
81.285000
84.900000
87.690000
89.702500
91.132500
92.087500
92.712500
93.067500
93.220000
93.187500
93.067500
92.920000
92.787500
92.632500
92.442500
92.210000
91.930000
91.665000
91.355000
90.967500
90.247500
89.002500
86.910000
83.782500
79.337500
73.665000
66.782500
59.125000
51.202500
43.462500
36.395000
30.122500
24.782500
20.207500
16.302500
12.905000
10.027500
7.542500
5.540000
3.960000
2.742500
1.877500
1.292500
0.895000
0.662500
0.550000
0.487500
0.482500
0.510000
0.550000
0.605000
0.670000
0.715000
0.745000
0.757500
0.745000
0.725000
0.677500
0.617500
0.545000
0.470000
0.410000
0.407500
0.477500
0.637500
0.905000
1.280000
1.777500
2.472500
3.387500
4.637500
6.252500
8.367500
11.057500
14.585000
19.180000
24.532500
30.780000
37.462500
44.565000
51.955000
59.347500
66.410000
72.637500
77.845000
81.870000
84.922500
87.157500
88.822500
90.020000
90.850000
91.365000
91.657500
91.787500
91.792500
91.680000
91.492500
91.275000
91.027500
90.757500
90.475000
90.132500
89.615000
88.815000
87.470000
85.410000
82.192500
77.812500
72.105000
65.337500
57.885000
50.172500
42.835000
35.827500
29.637500
24.015000
18.995000
14.647500
10.902500
7.857500
5.440000
3.682500
2.477500
1.730000
1.295000
1.072500
0.967500
0.922500
0.920000
0.925000
0.927500
0.927500
0.915000
0.912500
0.920000
0.927500
0.917500
0.900000
0.862500
0.822500
0.800000
0.772500
0.762500
0.762500
0.797500
0.882500
1.047500
1.327500
1.800000
2.542500
3.627500
5.280000
7.452500
10.385000
14.025000
18.362500
23.270000
28.557500
34.007500
39.517500
45.150000
51.110000
57.365000
63.722500
69.882500
75.330000
79.930000
83.547500
86.297500
88.275000
89.685000
90.612500
91.180000
91.460000
91.582500
91.632500
91.702500
91.767500
91.800000
91.775000
91.607500
91.302500
90.765000
89.952500
88.675000
86.890000
84.135000
80.195000
74.725000
67.877500
60.382500
52.477500
45.115000
38.340000
32.325000
27.130000
22.660000
18.807500
15.390000
12.405000
9.735000
7.402500
5.400000
3.820000
2.607500
1.812500
1.322500
1.077500
0.980000
0.945000
0.942500
0.935000
0.932500
0.930000
0.920000
0.905000
0.885000
0.870000
0.850000
0.825000
0.795000
0.755000
0.712500
0.685000
0.675000
0.705000
0.802500
0.980000
1.257500
1.632500
2.107500
2.680000
3.350000
4.142500
5.072500
6.312500
7.970000
10.332500
13.505000
17.682500
22.732500
28.710000
35.467500
43.005000
51.142500
59.182500
66.982500
73.722500
79.317500
83.767500
87.027500
89.362500
90.892500
91.872500
92.452500
92.777500
92.927500
92.925000
92.785000
92.545000
92.297500
92.087500
91.922500
91.762500
91.565000
91.242500
90.785000
90.020000
88.815000
86.830000
83.822500
79.327500
73.427500
66.220000
58.295000
50.350000
42.840000
36.190000
30.415000
25.555000
21.432500
17.937500
14.855000
12.085000
9.535000
7.320000
5.380000
3.855000
2.715000
1.925000
1.470000
1.242500
1.157500
1.125000
1.120000
1.125000
1.122500
1.122500
1.105000
1.075000
1.030000
0.990000
0.940000
0.900000
0.875000
0.832500
0.807500
0.780000
0.782500
0.817500
0.922500
1.122500
1.437500
1.920000
2.542500
3.365000
4.350000
5.512500
6.862500
8.497500
10.492500
12.882500
15.980000
19.705000
24.297500
29.765000
36.300000
43.907500
52.560000
61.632500
70.237500
77.735000
83.560000
87.915000
90.930000
92.932500
94.117500
94.755000
95.017500
95.092500
95.040000
94.910000
94.750000
94.555000
94.360000
94.090000
93.705000
93.057500
92.002500
90.282500
87.755000
83.970000
78.827500
72.122500
64.190000
55.617500
47.060000
39.222500
32.325000
26.657500
21.895000
18.077500
14.890000
12.195000
9.920000
7.930000
6.177500
4.640000
3.365000
2.365000
1.672500
1.235000
0.990000
0.865000
0.812500
0.800000
0.797500
0.790000
0.762500
0.702500
0.642500
0.577500
0.530000
0.495000
0.452500
0.412500
0.387500
0.410000
0.512500
0.735000
1.077500
1.592500
2.287500
3.230000
4.435000
5.892500
7.562500
9.475000
11.652500
14.085000
16.935000
20.055000
23.502500
27.275000
31.585000
36.505000
42.297500
48.880000
56.065000
63.465000
70.505000
76.762500
81.810000
85.705000
88.470000
90.357500
91.525000
92.190000
92.467500
92.462500
92.220000
91.707500
91.020000
90.225000
89.350000
88.265000
86.807500
84.492500
81.055000
76.050000
69.545000
61.665000
53.007500
44.350000
36.227500
29.237500
23.295000
18.532500
14.632500
11.527500
9.055000
7.070000
5.470000
4.182500
3.180000
2.392500
1.825000
1.427500
1.202500
1.107500
1.105000
1.145000
1.187500
1.207500
1.187500
1.162500
1.107500
1.072500
1.037500
1.010000
1.002500
0.972500
0.975000
0.960000
0.935000
0.917500
0.885000
0.877500
0.910000
0.952500
0.985000
1.020000
1.030000
1.045000
1.067500
1.085000
1.132500
1.227500
1.432500
1.767500
2.345000
3.192500
4.492500
6.332500
9.055000
12.905000
18.340000
25.380000
34.007500
43.710000
53.835000
63.647500
72.235000
79.310000
84.477500
88.055000
90.257500
91.372500
91.627500
91.112500
89.960000
88.022500
85.092500
80.577500
74.350000
66.205000
56.677500
46.535000
36.497500
27.412500
19.605000
13.465000
8.845000
5.692500
3.635000
2.390000
1.672500
1.280000
1.077500
0.977500
0.927500
0.905000
0.882500
0.852500
0.820000
0.805000
0.872500
1.062500
1.540000
2.427500
4.045000
6.572500
10.222500
15.570000
22.265000
30.462500
39.552500
48.852500
57.747500
65.510000
71.870000
76.470000
79.582500
81.377500
82.242500
82.385000
82.070000
80.872500
78.297500
73.322500
65.780000
55.925000
44.877500
34.275000
24.675000
16.987500
11.160000
7.010000
4.385000
2.842500
1.975000
1.502500
1.242500
1.065000
0.937500
0.825000
0.730000
0.695000
0.722500
0.897500
1.315000
2.362500
4.277500
7.637500
12.577500
19.422500
27.792500
37.165000
46.812500
55.767500
63.657500
70.017500
74.930000
78.337500
80.560000
81.845000
82.507500
82.660000
82.287500
81.127500
78.512500
74.172500
67.310000
58.340000
47.965000
37.210000
27.430000
19.162500
12.870000
8.302500
5.320000
3.442500
2.337500
1.725000
1.397500
1.230000
1.142500
1.095000
1.055000
1.027500
1.012500
1.032500
1.127500
1.447500
2.142500
3.495000
5.717500
9.395000
14.712500
21.850000
30.352500
39.605000
48.810000
57.192500
64.462500
70.255000
74.660000
77.692500
79.685000
80.710000
80.997500
80.622500
79.180000
76.357500
71.332500
64.105000
54.910000
44.700000
34.657500
25.550000
18.050000
12.130000
7.847500
4.852500
2.942500
1.765000
1.102500
0.742500
0.582500
0.535000
0.532500
0.585000
0.625000
0.647500
0.657500
0.760000
1.115000
2.047500
3.767500
6.760000
11.210000
17.667500
25.877500
35.340000
45.262500
54.500000
62.565000
68.900000
73.725000
77.040000
79.145000
80.315000
80.662500
80.395000
79.552500
77.762500
74.497500
69.520000
62.325000
53.575000
43.875000
34.045000
25.140000
17.595000
11.885000
7.727500
4.990000
3.247500
2.190000
1.595000
1.275000
1.110000
1.002500
0.940000
0.900000
0.885000
0.900000
0.955000
1.077500
1.367500
1.935000
3.082500
4.950000
7.632500
11.652500
16.880000
23.510000
31.240000
39.715000
48.470000
56.922500
64.647500
71.052500
76.070000
79.642500
82.040000
83.362500
83.830000
83.577500
82.737500
81.002500
77.960000
73.145000
65.745000
56.440000
45.740000
34.855000
25.110000
16.980000
10.905000
6.620000
3.920000
2.305000
1.422500
0.952500
0.720000
0.607500
0.550000
0.537500
0.552500
0.565000
0.587500
0.660000
0.885000
1.540000
2.825000
5.090000
8.352500
13.010000
19.092500
26.662500
35.362500
44.632500
53.730000
61.802500
68.562500
73.527500
76.925000
79.000000
80.215000
80.855000
81.097500
80.907500
79.797500
77.377500
72.740000
65.817500
56.712500
46.387500
36.050000
26.527500
18.675000
12.452500
7.952500
4.832500
2.860000
1.682500
1.055000
0.762500
0.625000
0.565000
0.525000
0.482500
0.455000
0.435000
0.417500
0.400000
0.387500
0.435000
0.645000
1.205000
2.287500
4.205000
7.042500
11.265000
17.435000
25.730000
35.727500
46.407500
56.760000
65.700000
73.165000
79.092500
83.355000
86.222500
87.767500
88.392500
88.430000
88.115000
87.427500
86.095000
83.417500
79.102500
72.537500
63.957500
53.837500
43.035000
32.877500
23.755000
16.492500
10.942500
6.962500
4.415000
2.867500
1.995000
1.527500
1.280000
1.162500
1.097500
1.047500
0.997500
0.940000
0.887500
0.855000
0.922500
1.157500
1.685000
2.755000
4.500000
7.322500
11.352500
17.087500
24.387500
33.115000
42.690000
52.140000
60.875000
68.245000
74.142500
78.407500
81.337500
83.050000
83.892500
84.067500
83.662500
82.287500
79.600000
75.250000
68.407500
59.667500
49.362500
38.590000
28.685000
20.235000
13.745000
8.985000
5.817500
3.787500
2.582500
1.897500
1.540000
1.360000
1.267500
1.215000
1.157500
1.117500
1.100000
1.107500
1.180000
1.332500
1.625000
2.202500
3.222500
5.010000
7.720000
11.830000
17.295000
24.225000
32.287500
41.017500
49.887500
58.142500
65.442500
71.460000
76.260000
79.870000
82.567500
84.362500
85.445000
85.945000
85.827500
84.947500
82.552500
78.210000
71.145000
61.705000
50.670000
39.262500
28.835000
19.985000
13.262500
8.390000
5.212500
3.232500
2.117500
1.520000
1.247500
1.140000
1.100000
1.075000
1.057500
1.045000
1.032500
1.010000
0.985000
0.950000
0.917500
0.907500
0.900000
0.920000
0.952500
1.022500
1.197500
1.585000
2.542500
4.332500
7.827500
13.705000
22.765000
34.195000
46.322500
57.357500
65.297500
70.020000
71.340000
69.610000
64.577500
56.772500
46.925000
36.335000
26.532500
18.247500
12.125000
7.767500
4.982500
3.262500
2.262500
1.827500
1.885000
2.775000
4.635000
8.025000
13.307500
21.152500
30.942500
41.422500
51.050000
57.702500
61.012500
60.515000
56.805000
50.610000
42.305000
33.455000
24.820000
17.265000
11.517500
7.407500
4.767500
3.160000
2.335000
2.090000
2.562500
3.837500
6.227500
9.902500
15.717500
23.792500
33.747500
44.390000
53.757500
60.712500
64.510000
65.030000
62.517500
56.922500
49.057500
39.925000
30.642500
22.402500
15.592500
10.525000
6.927500
4.582500
3.117500
2.332500
2.070000
2.522500
3.860000
6.447500
10.267500
15.427500
22.640000
31.225000
40.620000
49.542500
56.155000
59.967500
60.462500
58.062500
52.850000
45.565000
37.107500
28.452500
20.715000
14.312500
9.610000
6.322500
4.207500
2.927500
2.285000
2.180000
2.740000
4.365000
7.345000
13.007500
20.885000
30.470000
40.770000
49.745000
56.907500
61.557500
63.692500
62.862500
59.310000
53.060000
44.945000
36.305000
27.845000
20.712500
14.952500
10.525000
7.365000
5.147500
3.732500
2.890000
2.547500
2.690000
3.625000
5.630000
9.460000
15.402500
23.770000
33.732500
43.860000
52.835000
59.257500
63.042500
64.305000
63.070000
59.557500
53.632500
45.880000
37.185000
28.505000
20.890000
14.667500
10.075000
6.812500
4.697500
3.367500
2.710000
2.605000
3.217500
4.727500
7.465000
12.420000
19.520000
28.957500
39.555000
49.555000
57.907500
63.657500
67.165000
68.672500
68.560000
66.537500
62.617500
56.470000
48.597500
39.760000
30.810000
22.837500
16.200000
11.212500
7.602500
5.192500
3.650000
2.762500
2.415000
2.590000
3.642500
5.730000
9.315000
14.645000
22.465000
32.292500
43.115000
53.605000
61.870000
67.620000
70.750000
71.757500
70.520000
67.150000
61.837500
54.462500
46.110000
37.275000
28.797500
21.525000
15.572500
11.125000
7.892500
5.732500
4.322500
3.520000
3.207500
3.600000
4.990000
8.167500
13.517500
21.467500
31.455000
42.045000
52.207500
60.417500
66.392500
70.255000
72.065000
72.095000
69.967500
65.695000
59.042500
50.630000
41.072500
31.477500
22.992500
15.937500
10.845000
7.272500
4.937500
3.462500
2.637500
2.327500
2.577500
3.877500
6.605000
11.735000
19.362500
29.587500
41.255000
52.592500
62.430000
69.497500
74.032500
76.162500
76.255000
73.915000
69.172500
62.230000
53.217500
43.522500
33.832500
25.065000
17.980000
12.527500
8.680000
6.047500
4.417500
3.565000
3.542500
4.527500
7.285000
12.192500
19.962500
29.935000
40.910000
51.532500
60.117500
66.440000
70.320000
72.025000
71.807500
69.487500
65.235000
58.925000
51.030000
42.142500
33.015000
24.617500
17.407500
11.822500
7.720000
4.992500
3.265000
2.245000
1.625000
1.247500
0.997500
0.855000
0.795000
0.780000
0.785000
0.777500
0.762500
0.752500
0.765000
0.782500
0.807500
0.825000
0.832500
0.832500
0.827500
0.825000
0.822500
0.825000
0.822500
0.830000
0.832500
0.845000
0.852500
0.847500
0.852500
0.847500
0.845000
0.835000
0.802500
0.765000
0.730000
0.732500
0.755000
0.792500
0.820000
0.832500
0.835000
0.837500
0.850000
0.845000
0.855000
0.847500
0.855000
0.860000
0.867500
0.880000
0.882500
0.892500
0.872500
0.860000
0.852500
0.852500
0.867500
0.885000
0.895000
0.900000
0.907500
0.932500
0.950000
0.972500
0.995000
1.000000
1.022500
1.032500
1.042500
1.035000
0.995000
0.937500
0.872500
0.820000
0.797500
0.817500
0.855000
0.912500
0.970000
1.002500
1.027500
1.020000
1.022500
1.062500
1.195000
1.467500
1.942500
2.602500
3.420000
4.327500
5.185000
5.910000
6.327500
6.377500
6.007500
5.330000
4.490000
3.637500
2.930000
2.387500
2.057500
1.965000
2.115000
2.590000
3.372500
4.440000
5.662500
6.865000
7.900000
8.587500
8.870000
8.642500
7.970000
6.955000
5.795000
4.702500
3.817500
3.265000
3.055000
3.195000
3.707500
4.512500
5.560000
6.702500
7.735000
8.495000
8.777500
8.577500
7.902500
6.907500
5.805000
4.795000
4.080000
3.737500
3.880000
4.452500
5.452500
6.747500
8.117500
9.440000
10.420000
10.872500
10.705000
9.842500
8.520000
7.002500
5.565000
4.462500
3.750000
3.502500
3.687500
4.327500
5.332500
6.595000
7.942500
9.110000
9.895000
10.055000
9.582500
8.580000
7.245000
5.915000
4.787500
3.997500
3.700000
3.872500
4.577500
5.697500
7.060000
8.455000
9.557500
10.165000
10.060000
9.340000
8.127500
6.725000
5.425000
4.372500
3.730000
3.585000
4.020000
4.992500
6.307500
7.707500
8.895000
9.570000
9.657500
9.060000
7.972500
6.642500
5.340000
4.335000
3.695000
3.492500
3.710000
4.282500
5.140000
6.157500
7.175000
8.040000
8.522500
8.512500
7.955000
6.990000
5.870000
4.832500
4.107500
3.785000
3.932500
4.537500
5.530000
6.762500
7.967500
8.907500
9.357500
9.140000
8.370000
7.172500
5.837500
4.690000
3.877500
3.542500
3.670000
4.285000
5.240000
6.427500
7.652500
8.667500
9.315000
9.357500
8.820000
7.770000
6.462500
5.207500
4.182500
3.552500
3.442500
3.882500
4.882500
6.290000
7.850000
9.327500
10.372500
10.847500
10.550000
9.592500
8.220000
6.757500
5.565000
4.735000
4.402500
4.512500
5.055000
6.042500
7.287500
8.667500
9.952500
10.885000
11.322500
11.065000
10.205000
8.872500
7.365000
6.035000
5.050000
4.600000
4.707500
5.430000
6.685000
8.385000
10.297500
12.117500
13.595000
14.445000
14.420000
13.542500
11.920000
9.902500
7.940000
6.287500
5.240000
4.832500
5.195000
6.212500
7.732500
9.467500
11.010000
12.082500
12.325000
11.752500
10.430000
8.715000
7.015000
5.595000
4.730000
4.517500
4.985000
6.112500
7.690000
9.462500
11.132500
12.267500
12.667500
12.080000
10.690000
8.840000
6.970000
5.520000
4.622500
4.337500
4.590000
5.302500
6.400000
7.722500
9.047500
10.150000
10.700000
10.602500
9.805000
8.537500
7.107500
5.775000
4.820000
4.322500
4.435000
5.122500
6.365000
7.957500
9.605000
11.062500
12.007500
12.170000
11.515000
10.125000
8.337500
6.557500
5.090000
4.212500
3.965000
4.412500
5.390000
6.707500
8.087500
9.225000
9.942500
10.002500
9.445000
8.407500
7.062500
5.735000
4.600000
3.810000
3.582500
3.930000
4.852500
6.142500
7.457500
8.540000
9.022500
8.860000
8.040000
6.812500
5.512500
4.410000
3.750000
3.555000
3.952500
4.840000
6.110000
7.617500
9.032500
10.020000
10.375000
9.902500
8.757500
7.247500
5.665000
4.305000
3.210000
2.400000
1.840000
1.467500
1.237500
1.100000
1.020000
0.967500
0.940000
0.930000
0.892500
0.865000
0.815000
0.775000
0.727500
0.682500
0.637500
0.595000
0.605000
0.645000
0.720000
0.795000
0.852500
0.885000
0.887500
0.887500
0.882500
0.877500
0.880000
0.880000
0.890000
0.900000
0.925000
0.945000
0.960000
0.947500
0.940000
0.930000
0.922500
0.930000
0.930000
0.922500
0.910000
0.910000
0.902500
0.910000
0.917500
0.917500
0.922500
0.927500
0.937500
0.967500
0.997500
1.025000
1.042500
1.050000
1.057500
1.070000
1.092500
1.100000
1.105000
1.100000
1.095000
1.092500
1.080000
1.077500
1.077500
1.085000
1.100000
1.122500
1.132500
1.145000
1.155000
1.150000
1.142500
1.137500
1.137500
1.140000
1.142500
1.140000
1.140000
1.150000
1.162500
1.180000
1.192500
1.197500
1.207500
1.210000
1.215000
1.207500
1.195000
1.182500
1.182500
1.190000
1.200000
1.207500
1.197500
1.182500
1.175000
1.175000
1.170000
1.170000
1.150000
1.115000
1.095000
1.090000
1.112500
1.137500
1.155000
1.167500
1.175000
1.202500
1.232500
1.245000
1.235000
1.230000
1.230000
1.252500
1.212500
1.002500
0.540000
0.067500
-0.177500
-0.137500
0.212500
0.585000
0.807500
0.920000
0.992500
1.057500
1.135000
1.210000
1.207500
