0.020000
0.020000
0.020000
-0.140000
-0.300000
-0.300000
-0.300000
-0.300000
-0.300000
-0.280000
-0.260000
-0.280000
-0.290000
-0.300000
-0.290000
-0.320000
-0.320000
-0.340000
-0.370000
-0.370000
-0.370000
-0.370000
-0.380000
-0.400000
-0.440000
-0.480000
-0.480000
-0.480000
-0.460000
-0.500000
-0.610000
-0.640000
-0.770000
-0.770000
-0.770000
-0.680000
-0.640000
-0.610000
-0.610000
-0.610000
-0.610000
-0.610000
-0.650000
-0.690000
-0.720000
-0.720000
-0.720000
-0.700000
-0.700000
-0.710000
-0.710000
-0.710000
-0.710000
-0.690000
-0.680000
-0.660000
-0.650000
-0.620000
-0.580000
-0.570000
-0.530000
-0.530000
-0.530000
-0.470000
-0.470000
-0.420000
-0.400000
-0.400000
-0.380000
-0.360000
-0.360000
-0.380000
-0.390000
-0.400000
-0.410000
-0.410000
-0.350000
-0.330000
-0.320000
-0.330000
-0.400000
-0.410000
-0.430000
-0.450000
-0.450000
-0.550000
-0.570000
-0.590000
-0.620000
-0.590000
-0.600000
-0.590000
-0.600000
-0.610000
-0.610000
-0.610000
-0.610000
-0.610000
-0.610000
-0.600000
-0.600000
-0.590000
-0.600000
-0.610000
-0.610000
-0.580000
-0.580000
-0.510000
-0.500000
-0.500000
-0.500000
-0.500000
-0.500000
-0.410000
-0.390000
-0.310000
-0.250000
-0.130000
0.060000
0.330000
0.820000
1.490000
2.310000
3.000000
3.750000
4.710000
5.710000
6.980000
8.250000
9.770000
11.250000
13.150000
15.000000
17.170000
19.140000
21.680000
24.070000
26.880000
29.360000
32.030000
34.440000
37.290000
39.950000
42.460000
45.380000
48.150000
51.400000
54.640000
58.600000
62.240000
66.190000
69.580000
72.780000
75.200000
77.360000
79.050000
80.670000
81.850000
82.830000
83.610000
84.310000
84.910000
85.460000
86.080000
86.590000
87.030000
87.290000
87.480000
87.590000
87.710000
87.760000
87.850000
87.900000
87.950000
88.000000
88.000000
88.000000
88.000000
87.970000
87.940000
87.850000
87.800000
87.680000
87.530000
87.210000
86.710000
85.640000
83.880000
79.840000
74.700000
67.600000
60.460000
52.590000
45.860000
39.460000
34.260000
29.200000
24.980000
20.880000
17.600000
14.620000
12.240000
10.280000
8.430000
6.960000
5.570000
4.520000
3.620000
2.950000
2.320000
1.810000
1.390000
0.990000
0.670000
0.380000
0.210000
0.090000
0.070000
-0.010000
-0.020000
-0.070000
-0.070000
-0.090000
-0.070000
-0.050000
-0.050000
-0.040000
-0.010000
0.000000
0.050000
0.060000
0.090000
0.090000
0.130000
0.130000
0.120000
0.100000
0.050000
0.040000
-0.010000
-0.010000
0.000000
0.000000
0.080000
0.140000
0.320000
0.650000
1.210000
1.810000
2.620000
3.420000
4.500000
5.520000
6.900000
8.270000
9.900000
11.410000
13.000000
15.240000
17.410000
19.910000
22.310000
25.220000
27.930000
30.750000
33.280000
36.210000
38.770000
41.510000
44.000000
47.200000
50.390000
53.910000
57.120000
60.760000
63.930000
67.160000
69.840000
72.030000
74.170000
76.120000
78.320000
80.170000
81.980000
83.430000
84.840000
85.890000
86.870000
87.630000
88.380000
88.910000
89.300000
89.550000
89.770000
89.940000
90.190000
90.290000
90.290000
90.200000
90.180000
90.150000
90.140000
90.030000
89.800000
89.580000
89.320000
88.940000
88.370000
87.410000
86.000000
83.590000
80.750000
76.720000
72.200000
66.140000
60.040000
54.010000
47.550000
41.890000
36.190000
31.460000
26.980000
23.330000
19.930000
17.240000
14.720000
12.630000
10.580000
8.840000
7.210000
5.910000
4.770000
3.790000
2.910000
2.200000
1.610000
1.170000
0.810000
0.630000
0.460000
0.370000
0.250000
0.210000
0.110000
0.080000
0.010000
-0.030000
-0.060000
-0.070000
-0.070000
-0.030000
-0.010000
-0.010000
-0.010000
0.100000
0.180000
0.240000
0.270000
0.280000
0.270000
0.290000
0.300000
0.310000
0.310000
0.280000
0.210000
0.180000
0.140000
0.130000
0.130000
0.140000
0.290000
0.610000
0.930000
1.420000
1.870000
2.560000
3.310000
4.520000
5.690000
7.000000
8.080000
9.420000
10.920000
12.820000
14.570000
16.700000
19.000000
21.570000
23.830000
26.350000
28.860000
31.280000
33.900000
36.630000
39.790000
42.690000
45.820000
48.500000
51.460000
54.040000
56.870000
59.290000
61.980000
64.440000
67.290000
69.910000
72.720000
75.140000
77.510000
79.530000
81.300000
83.150000
84.600000
85.870000
86.890000
87.910000
88.870000
89.900000
90.780000
91.550000
92.080000
92.450000
92.500000
92.500000
92.320000
92.130000
91.900000
91.620000
91.280000
90.820000
90.060000
89.080000
87.490000
85.390000
81.590000
76.980000
70.700000
64.480000
57.410000
51.120000
44.630000
39.080000
33.570000
29.110000
24.830000
21.460000
18.440000
16.120000
13.960000
12.240000
10.740000
9.280000
8.030000
6.810000
5.780000
4.810000
3.960000
3.170000
2.490000
1.890000
1.460000
1.140000
0.880000
0.650000
0.500000
0.270000
0.120000
-0.020000
-0.060000
-0.060000
0.020000
0.080000
0.130000
0.160000
0.190000
0.230000
0.260000
0.260000
0.290000
0.290000
0.310000
0.310000
0.310000
0.290000
0.230000
0.190000
0.190000
0.180000
0.140000
0.140000
0.290000
0.560000
0.960000
1.560000
2.240000
3.260000
4.280000
5.530000
6.770000
8.370000
9.970000
12.110000
14.450000
17.300000
20.090000
23.030000
26.970000
30.610000
34.290000
37.850000
41.860000
45.490000
49.190000
52.530000
55.900000
58.810000
61.960000
64.870000
68.010000
70.680000
73.380000
75.570000
77.660000
79.410000
80.940000
82.490000
83.650000
84.670000
85.530000
86.530000
87.370000
88.100000
88.530000
88.830000
89.240000
89.500000
89.660000
89.680000
89.660000
89.610000
89.530000
89.320000
89.020000
88.610000
88.050000
87.250000
85.380000
82.450000
77.280000
71.380000
63.710000
56.290000
48.370000
41.650000
35.030000
29.600000
24.560000
20.650000
17.180000
14.550000
12.120000
10.230000
8.420000
7.050000
5.930000
4.810000
3.940000
3.110000
2.490000
1.920000
1.510000
1.150000
0.860000
0.680000
0.530000
0.460000
0.400000
0.390000
0.390000
0.410000
0.420000
0.420000
0.380000
0.370000
0.370000
0.370000
0.290000
0.200000
0.120000
0.020000
0.020000
0.040000
0.050000
0.130000
0.180000
0.260000
0.260000
0.210000
0.190000
0.190000
0.290000
0.500000
0.820000
1.200000
1.670000
2.250000
2.880000
3.690000
4.640000
5.870000
7.100000
8.490000
9.880000
11.620000
13.360000
15.610000
17.870000
20.700000
23.560000
26.810000
31.000000
34.890000
39.020000
42.690000
46.700000
50.560000
54.970000
59.160000
63.580000
67.450000
71.280000
74.450000
77.500000
80.000000
82.370000
84.250000
85.960000
87.330000
88.500000
89.380000
90.080000
90.700000
91.220000
91.580000
91.780000
91.780000
91.770000
91.680000
91.570000
91.290000
90.970000
90.410000
89.930000
89.200000
88.300000
86.560000
84.300000
80.240000
75.510000
70.160000
63.180000
56.640000
49.600000
43.820000
38.340000
33.910000
29.660000
26.280000
23.220000
20.830000
18.550000
16.660000
14.720000
13.150000
11.580000
10.270000
9.000000
8.000000
7.170000
6.260000
5.520000
4.700000
4.060000
3.380000
2.920000
2.350000
1.990000
1.600000
1.340000
1.070000
0.920000
0.760000
0.630000
0.550000
0.440000
0.380000
0.360000
0.330000
0.330000
0.290000
0.280000
0.290000
0.290000
0.340000
0.370000
0.370000
0.350000
0.330000
0.290000
0.280000
0.200000
0.190000
0.170000
0.170000
0.210000
0.340000
0.520000
0.760000
1.100000
1.590000
2.380000
3.510000
4.600000
5.910000
7.230000
8.740000
10.050000
11.410000
12.640000
14.180000
15.690000
17.700000
19.720000
21.900000
24.640000
27.360000
30.730000
33.860000
37.410000
40.510000
44.050000
47.480000
51.290000
54.590000
58.150000
61.350000
64.760000
67.840000
71.230000
74.050000
76.830000
79.260000
81.810000
83.810000
85.360000
86.690000
87.780000
88.750000
89.510000
90.130000
90.630000
91.300000
91.910000
92.510000
92.910000
93.360000
93.660000
93.970000
94.090000
94.090000
93.770000
93.170000
92.490000
91.700000
90.360000
88.710000
86.130000
83.280000
79.030000
74.360000
68.110000
61.960000
55.100000
49.300000
43.840000
39.420000
35.130000
31.330000
27.460000
24.240000
21.260000
18.750000
16.360000
14.380000
12.700000
11.120000
9.860000
8.800000
8.040000
7.410000
6.980000
6.590000
6.220000
5.750000
5.310000
4.710000
4.200000
3.700000
3.270000
2.860000
2.480000
2.140000
1.790000
1.520000
1.210000
0.950000
0.760000
0.610000
0.500000
0.420000
0.380000
0.350000
0.330000
0.320000
0.320000
0.380000
0.390000
0.390000
0.390000
0.390000
0.400000
0.400000
0.400000
0.410000
0.380000
0.400000
0.370000
0.370000
0.350000
0.350000
0.380000
0.510000
0.510000
0.500000
0.450000
0.400000
0.370000
0.370000
0.370000
0.410000
0.410000
0.420000
0.410000
0.390000
0.390000
0.400000
0.430000
0.430000
0.420000
0.320000
0.310000
0.290000
0.290000
0.380000
0.420000
0.420000
0.430000
0.440000
0.480000
0.570000
0.670000
0.730000
0.810000
0.870000
0.920000
1.000000
1.100000
1.340000
1.590000
1.940000
2.180000
2.450000
2.640000
3.130000
3.720000
4.830000
6.100000
7.600000
10.040000
12.890000
16.950000
21.050000
26.680000
32.700000
40.070000
46.540000
53.180000
58.940000
65.070000
70.380000
75.460000
79.330000
82.630000
84.960000
86.790000
87.810000
88.480000
88.880000
89.210000
89.570000
89.750000
89.890000
89.900000
90.070000
90.180000
90.230000
90.230000
90.130000
90.030000
89.990000
89.920000
89.790000
89.690000
89.570000
89.430000
89.080000
88.610000
87.990000
86.900000
85.420000
82.940000
79.860000
75.140000
70.000000
63.670000
57.600000
51.140000
45.510000
39.620000
34.320000
28.950000
24.540000
20.480000
17.270000
14.320000
11.910000
9.810000
7.790000
6.130000
4.650000
3.520000
2.540000
1.840000
1.340000
1.000000
0.790000
0.630000
0.560000
0.560000
0.580000
0.670000
0.710000
0.710000
0.700000
0.700000
0.700000
0.660000
0.610000
0.610000
0.610000
0.610000
0.620000
0.620000
0.590000
0.580000
0.570000
0.550000
0.530000
0.510000
0.510000
0.510000
0.570000
0.630000
0.880000
1.130000
1.720000
2.430000
3.480000
4.750000
6.740000
8.740000
11.190000
13.760000
17.200000
21.180000
26.690000
32.350000
39.530000
46.510000
54.740000
62.110000
68.540000
74.800000
79.680000
83.850000
86.810000
89.260000
90.840000
91.900000
92.530000
93.080000
93.320000
93.320000
93.140000
92.950000
92.860000
92.730000
92.610000
92.330000
92.100000
91.800000
91.490000
91.270000
90.860000
90.250000
88.610000
86.290000
82.490000
77.740000
70.830000
63.600000
54.960000
47.110000
39.140000
32.640000
26.690000
22.020000
17.780000
14.340000
11.070000
8.430000
6.270000
4.400000
3.060000
2.110000
1.400000
0.940000
0.720000
0.520000
0.490000
0.470000
0.490000
0.500000
0.580000
0.650000
0.690000
0.760000
0.760000
0.760000
0.740000
0.710000
0.680000
0.580000
0.500000
0.420000
0.380000
0.380000
0.490000
0.700000
1.020000
1.410000
1.990000
2.690000
3.800000
5.070000
6.990000
9.150000
12.260000
15.830000
21.100000
27.530000
33.670000
40.820000
47.830000
55.940000
63.230000
70.390000
76.080000
80.850000
84.060000
86.490000
88.290000
89.790000
90.720000
91.280000
91.610000
91.850000
91.850000
91.800000
91.630000
91.400000
91.140000
90.930000
90.640000
90.320000
90.010000
89.560000
88.570000
87.120000
84.630000
81.320000
75.700000
69.600000
61.800000
54.250000
45.890000
38.750000
32.450000
26.220000
21.130000
16.260000
12.370000
8.830000
6.150000
4.080000
2.700000
1.800000
1.330000
1.090000
0.960000
0.910000
0.910000
0.910000
0.930000
0.930000
0.920000
0.910000
0.910000
0.920000
0.940000
0.940000
0.860000
0.850000
0.800000
0.780000
0.770000
0.760000
0.760000
0.780000
0.910000
1.080000
1.420000
1.900000
2.800000
4.050000
5.760000
8.510000
11.490000
15.780000
20.320000
25.860000
31.120000
36.930000
42.120000
47.900000
53.650000
60.770000
67.140000
73.330000
78.290000
82.560000
85.540000
87.800000
89.290000
90.470000
91.180000
91.510000
91.560000
91.590000
91.670000
91.710000
91.840000
91.840000
91.800000
91.610000
91.170000
90.630000
89.650000
88.360000
86.060000
83.490000
78.630000
72.600000
64.180000
56.100000
48.650000
40.980000
34.730000
29.000000
24.590000
20.200000
16.850000
13.590000
10.920000
8.260000
6.170000
4.260000
2.910000
1.940000
1.320000
1.080000
0.960000
0.950000
0.940000
0.940000
0.940000
0.930000
0.930000
0.920000
0.900000
0.870000
0.870000
0.840000
0.820000
0.770000
0.720000
0.710000
0.660000
0.660000
0.680000
0.830000
1.040000
1.370000
1.790000
2.330000
2.940000
3.660000
4.470000
5.500000
6.660000
8.620000
11.100000
14.950000
19.350000
25.330000
31.300000
38.860000
46.380000
55.480000
63.850000
71.020000
77.580000
82.440000
86.230000
88.820000
90.620000
91.780000
92.350000
92.740000
92.940000
92.950000
92.950000
92.730000
92.380000
92.120000
91.960000
91.890000
91.720000
91.480000
91.170000
90.600000
89.890000
88.420000
86.350000
82.660000
77.860000
70.440000
62.750000
53.830000
46.160000
38.660000
32.710000
27.230000
23.060000
19.220000
16.220000
13.250000
10.730000
8.140000
6.020000
4.390000
2.970000
2.040000
1.460000
1.230000
1.150000
1.130000
1.120000
1.120000
1.130000
1.130000
1.110000
1.100000
1.060000
1.030000
0.940000
0.930000
0.870000
0.860000
0.830000
0.770000
0.760000
0.760000
0.840000
0.910000
1.180000
1.560000
2.100000
2.840000
3.670000
4.850000
6.040000
7.490000
9.070000
11.390000
14.020000
17.050000
21.460000
26.290000
32.390000
38.920000
47.600000
56.720000
67.000000
75.210000
82.020000
86.710000
90.300000
92.630000
94.080000
94.720000
95.040000
95.130000
95.130000
95.020000
94.830000
94.660000
94.490000
94.240000
94.050000
93.580000
92.950000
91.650000
89.830000
86.700000
82.840000
76.510000
69.260000
59.880000
51.110000
42.220000
35.030000
28.530000
23.520000
19.550000
15.980000
13.260000
10.770000
8.770000
6.880000
5.300000
3.760000
2.620000
1.780000
1.300000
0.990000
0.870000
0.800000
0.800000
0.800000
0.790000
0.790000
0.770000
0.670000
0.580000
0.550000
0.510000
0.480000
0.440000
0.380000
0.380000
0.380000
0.530000
0.790000
1.240000
1.750000
2.590000
3.570000
5.010000
6.570000
8.420000
10.250000
12.660000
15.280000
18.150000
21.650000
25.140000
29.070000
33.240000
38.890000
44.820000
52.240000
59.570000
67.630000
74.420000
80.400000
84.600000
87.820000
90.000000
91.460000
92.150000
92.490000
92.570000
92.570000
92.130000
91.520000
90.610000
89.820000
88.950000
88.020000
86.270000
83.990000
79.690000
74.270000
66.250000
57.970000
48.170000
39.640000
31.620000
25.480000
20.210000
15.870000
12.570000
9.880000
7.790000
5.980000
4.630000
3.480000
2.640000
1.970000
1.480000
1.210000
1.070000
1.070000
1.100000
1.200000
1.210000
1.210000
1.180000
1.120000
1.110000
1.040000
1.020000
1.000000
0.990000
0.990000
0.990000
0.940000
0.940000
0.890000
0.860000
0.860000
0.910000
1.020000
1.020000
1.020000
1.050000
1.060000
1.080000
1.080000
1.120000
1.250000
1.460000
1.900000
2.460000
3.560000
4.850000
7.100000
9.820000
14.450000
20.250000
28.840000
37.980000
48.960000
59.060000
69.340000
77.230000
83.310000
87.360000
90.010000
91.540000
91.820000
91.820000
91.030000
89.480000
87.510000
84.070000
79.310000
71.420000
62.600000
51.490000
41.200000
30.850000
22.450000
15.150000
9.970000
6.290000
3.970000
2.540000
1.740000
1.310000
1.100000
0.970000
0.930000
0.910000
0.900000
0.880000
0.840000
0.790000
0.790000
0.820000
1.110000
1.550000
2.680000
4.370000
7.580000
11.660000
17.280000
25.760000
34.360000
44.450000
53.640000
62.960000
69.940000
75.500000
79.080000
81.360000
82.390000
82.540000
82.540000
81.930000
81.130000
77.890000
72.240000
62.030000
50.960000
38.470000
28.050000
19.620000
12.560000
7.720000
4.740000
3.020000
2.060000
1.550000
1.270000
1.130000
1.020000
0.840000
0.760000
0.680000
0.680000
0.700000
0.870000
1.380000
2.310000
4.890000
8.530000
14.820000
22.070000
32.270000
42.010000
52.310000
60.660000
68.090000
73.570000
77.750000
80.310000
81.720000
82.460000
82.890000
82.890000
82.330000
80.970000
78.250000
72.500000
64.970000
53.520000
42.370000
31.000000
21.950000
14.400000
9.300000
5.830000
3.680000
2.470000
1.790000
1.410000
1.230000
1.160000
1.120000
1.060000
1.040000
1.010000
1.000000
1.010000
1.120000
1.380000
2.290000
3.780000
6.530000
10.270000
17.000000
25.050000
35.080000
44.280000
54.010000
61.870000
68.610000
73.360000
77.180000
79.490000
80.740000
81.280000
81.280000
80.640000
79.240000
75.560000
69.990000
60.540000
50.330000
38.780000
29.150000
20.370000
13.900000
8.780000
5.470000
3.240000
1.920000
1.140000
0.760000
0.590000
0.500000
0.500000
0.570000
0.580000
0.660000
0.660000
0.660000
0.660000
1.100000
2.080000
4.390000
7.500000
13.070000
19.880000
30.220000
40.340000
50.920000
59.570000
67.170000
72.600000
76.260000
78.870000
80.430000
80.940000
80.940000
80.260000
79.360000
77.650000
73.780000
67.200000
59.450000
48.870000
38.780000
28.400000
20.130000
13.250000
8.600000
5.560000
3.500000
2.300000
1.630000
1.330000
1.120000
1.020000
0.970000
0.900000
0.870000
0.870000
0.910000
0.960000
1.090000
1.350000
2.070000
3.230000
5.680000
8.820000
12.800000
19.310000
26.590000
35.340000
43.720000
53.210000
61.610000
69.150000
74.620000
78.830000
81.680000
83.440000
84.120000
84.120000
83.550000
82.430000
80.850000
77.180000
71.380000
63.170000
51.250000
39.960000
28.580000
19.630000
12.270000
7.440000
4.280000
2.490000
1.470000
0.980000
0.750000
0.610000
0.540000
0.530000
0.530000
0.560000
0.580000
0.600000
0.610000
0.850000
1.500000
3.200000
5.750000
9.910000
14.550000
21.830000
30.080000
40.190000
49.350000
58.910000
66.470000
72.480000
76.390000
78.770000
80.060000
80.780000
81.250000
81.250000
81.030000
80.020000
76.810000
71.650000
62.480000
52.330000
40.390000
30.350000
21.130000
14.240000
8.980000
5.460000
3.130000
1.760000
1.090000
0.750000
0.620000
0.590000
0.540000
0.510000
0.460000
0.430000
0.430000
0.430000
0.390000
0.380000
0.380000
0.620000
1.230000
2.590000
4.710000
8.290000
12.580000
19.480000
29.390000
41.470000
52.570000
62.200000
70.800000
77.230000
82.430000
85.910000
87.850000
88.610000
88.610000
88.410000
88.000000
87.440000
85.860000
83.080000
77.290000
70.180000
59.600000
48.760000
36.810000
26.970000
18.970000
12.270000
7.760000
4.770000
3.050000
2.080000
1.570000
1.280000
1.180000
1.100000
1.090000
1.020000
0.980000
0.890000
0.870000
0.850000
0.850000
1.160000
1.810000
2.920000
5.130000
8.140000
13.100000
19.040000
28.070000
37.340000
48.010000
57.340000
65.870000
72.280000
77.490000
80.930000
82.930000
84.000000
84.300000
84.300000
83.630000
82.380000
78.840000
73.550000
66.230000
55.010000
43.880000
32.330000
23.140000
15.390000
10.080000
6.370000
4.100000
2.720000
1.960000
1.550000
1.360000
1.290000
1.240000
1.180000
1.150000
1.080000
1.080000
1.110000
1.180000
1.350000
1.690000
2.280000
3.490000
5.430000
8.840000
13.120000
19.930000
27.290000
36.560000
45.370000
54.850000
62.770000
69.580000
74.570000
78.920000
81.970000
84.020000
85.360000
86.100000
86.100000
86.020000
84.890000
82.580000
76.720000
68.650000
56.630000
44.820000
32.580000
23.020000
14.920000
9.420000
5.690000
3.530000
2.210000
1.500000
1.230000
1.140000
1.120000
1.070000
1.070000
1.050000
1.040000
1.020000
1.020000
0.950000
0.950000
0.890000
0.890000
0.910000
0.920000
0.960000
1.020000
1.190000
1.620000
2.510000
4.850000
8.350000
15.600000
26.020000
41.090000
54.070000
64.110000
70.160000
72.850000
72.850000
69.390000
63.240000
52.720000
41.740000
30.000000
20.880000
13.510000
8.600000
5.510000
3.450000
2.370000
1.720000
1.710000
1.710000
2.600000
5.280000
8.950000
15.270000
23.730000
36.660000
48.110000
57.190000
62.240000
62.240000
61.350000
55.200000
47.400000
38.490000
28.130000
19.800000
12.860000
8.270000
5.140000
3.360000
2.300000
1.840000
1.840000
2.380000
4.190000
6.940000
11.400000
17.080000
27.450000
39.240000
51.220000
59.650000
64.920000
66.410000
66.410000
61.730000
54.870000
44.680000
34.950000
25.200000
17.740000
11.720000
7.710000
4.930000
3.350000
2.340000
1.850000
1.850000
2.300000
4.150000
7.200000
12.140000
17.580000
24.790000
36.050000
46.480000
55.160000
60.480000
61.730000
61.730000
57.140000
50.880000
41.650000
32.590000
23.310000
16.260000
10.700000
6.980000
4.500000
3.110000
2.240000
1.930000
1.930000
2.690000
4.480000
8.360000
13.850000
25.340000
35.990000
46.700000
55.050000
61.240000
64.640000
64.640000
63.590000
57.920000
50.430000
40.300000
31.130000
23.360000
16.590000
11.770000
8.090000
5.650000
3.950000
2.900000
2.430000
2.430000
2.580000
3.470000
6.170000
10.300000
17.900000
27.240000
39.640000
50.150000
58.410000
63.140000
65.290000
65.290000
63.460000
58.200000
51.280000
41.590000
32.450000
23.420000
16.560000
11.130000
7.560000
5.050000
3.510000
2.670000
2.420000
2.420000
3.090000
5.120000
8.280000
13.370000
22.910000
33.520000
46.030000
55.760000
62.910000
66.930000
69.030000
69.030000
68.940000
66.480000
60.940000
54.110000
44.350000
34.990000
25.590000
18.310000
12.460000
8.440000
5.640000
3.870000
2.820000
2.270000
2.270000
2.480000
3.520000
6.480000
10.440000
16.820000
24.840000
37.760000
49.750000
60.110000
66.800000
70.820000
72.630000
72.630000
70.830000
65.870000
59.270000
51.380000
41.330000
32.460000
23.930000
17.470000
12.240000
8.650000
6.140000
4.540000
3.600000
3.010000
3.010000
3.290000
5.170000
8.570000
15.640000
24.690000
36.970000
48.520000
58.000000
65.340000
69.810000
72.420000
72.580000
72.580000
69.930000
63.910000
56.360000
45.970000
36.280000
25.680000
17.980000
12.030000
8.060000
5.310000
3.690000
2.690000
2.160000
2.160000
2.450000
3.690000
7.360000
12.920000
22.970000
34.200000
48.260000
59.590000
68.320000
73.550000
76.530000
76.840000
76.840000
73.920000
67.170000
58.760000
49.070000
37.870000
28.390000
20.000000
14.000000
9.530000
6.580000
4.610000
3.470000
3.170000
3.170000
4.520000
7.410000
14.040000
22.800000
35.600000
47.300000
57.940000
65.290000
69.940000
72.590000
72.590000
72.110000
69.070000
63.310000
56.450000
46.870000
37.490000
27.760000
19.940000
13.280000
8.650000
5.420000
3.530000
2.370000
1.740000
1.340000
1.050000
0.860000
0.770000
0.770000
0.800000
0.800000
0.760000
0.750000
0.750000
0.760000
0.810000
0.810000
0.830000
0.840000
0.830000
0.830000
0.820000
0.830000
0.820000
0.820000
0.820000
0.840000
0.850000
0.850000
0.850000
0.850000
0.850000
0.850000
0.840000
0.790000
0.730000
0.700000
0.700000
0.800000
0.820000
0.820000
0.850000
0.830000
0.850000
0.860000
0.860000
0.860000
0.830000
0.870000
0.850000
0.890000
0.880000
0.900000
0.890000
0.890000
0.830000
0.830000
0.870000
0.880000
0.890000
0.900000
0.910000
0.910000
0.910000
0.980000
1.000000
1.000000
1.000000
1.020000
1.040000
1.040000
1.040000
0.990000
0.910000
0.810000
0.780000
0.780000
0.820000
0.890000
0.930000
1.010000
1.020000
1.030000
1.020000
1.030000
1.060000
1.180000
1.560000
2.070000
2.960000
3.820000
4.830000
5.700000
6.390000
6.500000
6.500000
5.900000
4.910000
4.010000
3.140000
2.490000
2.080000
1.840000
1.840000
2.120000
2.680000
3.740000
4.950000
6.390000
7.570000
8.550000
9.090000
9.090000
8.700000
7.640000
6.400000
5.080000
4.060000
3.270000
2.870000
2.870000
3.220000
3.830000
4.910000
6.090000
7.410000
8.400000
9.040000
9.040000
8.540000
7.600000
6.340000
5.150000
4.130000
3.560000
3.560000
3.780000
4.700000
5.850000
7.480000
8.960000
10.180000
11.140000
11.140000
10.770000
9.510000
7.690000
6.110000
4.700000
3.760000
3.280000
3.280000
3.710000
4.500000
5.840000
7.280000
8.760000
9.890000
10.420000
10.420000
9.400000
8.000000
6.500000
5.080000
4.080000
3.490000
3.490000
3.890000
4.770000
6.310000
7.820000
9.340000
10.350000
10.350000
10.250000
8.920000
7.470000
5.870000
4.640000
3.720000
3.300000
3.300000
4.060000
5.460000
7.150000
8.560000
9.660000
9.850000
9.850000
8.910000
7.270000
5.860000
4.530000
3.700000
3.300000
3.300000
3.720000
4.570000
5.540000
6.730000
7.790000
8.640000
8.660000
8.660000
7.750000
6.410000
5.140000
4.180000
3.600000
3.600000
3.850000
4.770000
6.020000
7.480000
8.780000
9.590000
9.590000
9.280000
7.910000
6.510000
4.990000
3.940000
3.320000
3.320000
3.650000
4.450000
5.780000
7.080000
8.400000
9.350000
9.670000
9.670000
8.570000
7.200000
5.640000
4.440000
3.550000
3.120000
3.120000
4.000000
5.310000
7.100000
8.750000
10.240000
11.220000
11.220000
10.650000
9.050000
7.390000
5.790000
4.800000
4.280000
4.280000
4.460000
5.240000
6.450000
8.020000
9.440000
10.760000
11.590000
11.590000
11.190000
9.730000
8.150000
6.420000
5.160000
4.410000
4.410000
4.620000
5.590000
7.300000
9.230000
11.420000
13.240000
14.580000
14.820000
14.820000
13.140000
11.070000
8.650000
6.750000
5.290000
4.460000
4.460000
5.120000
6.740000
8.530000
10.540000
12.060000
12.820000
12.820000
11.510000
9.770000
7.620000
5.960000
4.710000
4.160000
4.160000
5.110000
6.580000
8.600000
10.470000
12.200000
13.140000
13.140000
12.070000
9.850000
7.700000
5.740000
4.590000
4.110000
4.110000
4.600000
5.600000
6.900000
8.500000
9.890000
10.900000
10.900000
10.700000
9.500000
7.710000
6.240000
4.980000
4.170000
4.170000
4.250000
5.430000
6.920000
8.860000
10.620000
12.020000
12.640000
12.640000
11.270000
9.400000
7.190000
5.490000
4.150000
3.680000
3.680000
4.500000
5.940000
7.440000
8.950000
10.020000
10.310000
10.310000
9.190000
7.790000
6.340000
4.930000
3.880000
3.250000
3.250000
4.020000
5.270000
6.940000
8.340000
9.280000
9.280000
8.870000
7.690000
6.000000
4.690000
3.670000
3.360000
3.360000
3.910000
5.260000
6.830000
8.440000
9.940000
10.780000
10.780000
9.860000
8.050000
6.340000
4.740000
3.530000
2.610000
1.960000
1.500000
1.290000
1.120000
1.040000
0.970000
0.950000
0.930000
0.910000
0.910000
0.820000
0.800000
0.750000
0.730000
0.630000
0.620000
0.580000
0.580000
0.670000
0.780000
0.850000
0.880000
0.900000
0.900000
0.880000
0.880000
0.880000
0.880000
0.880000
0.880000
0.920000
0.930000
0.960000
0.970000
0.960000
0.940000
0.920000
0.940000
0.920000
0.940000
0.910000
0.900000
0.900000
0.910000
0.910000
0.920000
0.920000
0.930000
0.930000
0.940000
0.970000
1.030000
1.050000
1.050000
1.050000
1.060000
1.080000
1.100000
1.100000
1.100000
1.090000
1.100000
1.080000
1.080000
1.070000
1.070000
1.110000
1.110000
1.110000
1.150000
1.160000
1.150000
1.150000
1.140000
1.140000
1.140000
1.150000
1.150000
1.130000
1.130000
1.150000
1.180000
1.190000
1.200000
1.200000
1.210000
1.210000
1.220000
1.210000
1.180000
1.170000
1.170000
1.210000
1.210000
1.210000
1.190000
1.180000
1.180000
1.180000
1.180000
1.160000
1.150000
1.100000
1.080000
1.080000
1.130000
1.150000
1.150000
1.150000
1.180000
1.220000
1.260000
1.260000
1.230000
1.230000
1.240000
1.270000
1.270000
1.020000
0.400000
-0.570000
-0.570000
0.040000
0.560000
0.820000
0.920000
0.930000
1.010000
1.110000
1.180000
1.240000
1.240000
