6
-16
-27
-25
-26
-28
-21
-28
-28
-26
-22
-27
-30
-30
-26
-33
-33
-33
-18
-23
-27
-29
-19
-22
-25
-20
-17
-12
-14
-7
-3
-6
-4
10
20
19
29
29
36
31
40
26
20
16
7
23
22
25
21
22
22
20
17
28
34
30
35
42
41
43
32
49
42
54
50
68
81
101
110
147
178
219
303
391
529
649
815
939
1081
1157
1231
1269
1306
1317
1328
1338
1349
1339
1345
1366
1419
1453
1490
1517
1540
1548
1556
1564
1561
1571
1568
1580
1579
1568
1564
1564
1568
1551
1537
1550
1543
1548
1535
1543
1537
1539
1530
1528
1525
1528
1521
1527
1514
1506
1496
1494
1505
1506
1516
1529
1535
1543
1539
1549
1542
1548
1518
1516
1469
1424
1306
1194
1008
859
656
521
370
291
200
162
121
90
63
58
54
44
33
37
38
32
27
28
33
25
24
22
29
22
12
16
9
24
23
30
31
32
30
30
31
31
29
39
32
32
29
42
32
40
32
40
38
42
34
39
35
37
31
39
32
41
36
45
33
41
28
33
33
37
46
60
71
98
128
216
340
613
904
1336
1613
1854
1927
1908
1798
1645
1537
1450
1415
1409
1437
1507
1603
1743
1858
2000
2112
2233
2368
2484
2602
2700
2797
2815
2677
2435
1915
1455
906
607
342
216
124
102
88
63
33
22
22
18
25
25
23
17
30
51
47
48
40
38
52
41
41
36
39
38
32
36
32
44
37
49
41
48
40
54
52
39
28
30
33
42
39
44
45
47
41
50
52
45
54
71
115
160
317
541
1087
1697
2618
3220
3776
3929
3840
3663
3476
3433
3418
3446
3540
3654
3775
3927
4046
4175
4252
4361
4461
4612
4685
4757
4780
4837
4864
4920
4942
4958
4954
4952
4942
4944
4947
4917
4882
4874
4876
4884
4868
4814
4689
4491
4162
3853
3344
2878
2172
1635
1022
674
379
246
148
110
84
71
68
65
60
52
51
49
39
50
53
55
57
51
60
61
53
60
55
58
46
52
66
67
55
54
55
56
31
42
41
51
46
40
45
45
43
41
54
50
59
66
63
64
54
67
64
64
69
69
78
74
90
95
124
163
284
484
1120
2080
3762
4715
5146
5084
4644
4162
3550
3228
3004
2952
2982
3091
3230
3509
3785
4188
4454
4808
5061
5414
5606
5705
5620
5361
5120
4713
4174
3072
2176
1203
720
350
219
135
101
85
54
49
48
45
51
52
60
58
58
60
64
66
58
64
58
60
50
57
55
60
46
59
67
59
56
60
51
57
57
56
55
51
51
52
54
53
52
55
49
53
54
62
56
61
57
58
65
75
85
105
141
256
457
1125
2153
3945
4974
5608
5844
5580
4876
4363
3919
3778
3764
3851
4078
4355
4813
5212
5721
6079
6431
6599
6659
6627
6566
6493
6337
6221
6078
5975
5849
5783
5766
5781
5819
5884
5951
6062
6143
6234
6261
6272
6264
6262
6251
6231
6196
6114
6048
5949
5877
5730
5579
5362
5162
4852
4529
4015
3594
3059
2679
2236
1940
1670
1374
1175
962
822
678
597
497
433
362
326
277
257
218
197
182
161
145
136
127
113
111
109
106
92
95
92
87
83
74
87
85
82
64
79
74
73
71
71
75
69
66
67
66
61
57
65
58
63
64
69
61
64
57
63
76
66
68
66
73
77
83
76
86
81
76
84
69
70
64
81
88
84
96
95
101
94
88
96
103
101
90
106
109
119
118
119
121
123
112
119
118
121
114
118
119
111
111
115
114
126
141
223
349
822
1708
4010
5874
6584
5778
4606
3278
2601
2087
1909
1830
1868
1995
2126
2342
2506
2692
2799
2890
2927
2939
2976
3018
3034
3052
3080
3107
3123
3127
3132
3103
3077
3041
3017
2991
2945
2916
2894
2887
2897
2909
2945
2960
2976
2986
2993
3002
2999
2999
3005
3003
3022
3021
3037
3041
3067
3075
3083
3095
3113
3123
3145
3175
3210
3230
3238
3170
3053
2694
2302
1652
1213
743
516
308
219
146
125
102
92
76
72
64
69
60
65
59
75
74
75
72
73
78
72
74
69
74
70
70
65
56
55
52
70
63
68
66
75
74
74
67
68
74
74
74
68
66
74
68
82
65
75
62
74
66
80
76
81
86
107
156
257
551
978
1659
2086
2430
2511
2337
2155
1949
1875
1853
1909
2037
2146
2255
2396
2484
2593
2631
2654
2659
2716
2775
2859
2910
2976
3022
3088
3133
3176
3187
3203
3231
3265
3284
3276
3268
3282
3301
3306
3331
3354
3366
3362
3347
3339
3311
3310
3320
3326
3332
3314
3309
3305
3308
3310
3313
3302
3295
3279
3265
3251
3233
3231
3259
3298
3338
3356
3369
3390
3416
3456
3480
3490
3480
3479
3494
3534
3556
3574
3571
3601
3615
3655
3666
3666
3644
3612
3598
3605
3617
3608
3598
3560
3554
3546
3497
3379
2962
2419
1515
945
472
270
153
113
97
79
77
74
74
73
62
63
61
68
59
62
64
65
72
69
78
72
71
65
65
71
67
78
64
56
44
60
68
76
70
74
78
79
76
65
71
69
71
74
72
71
69
84
75
89
95
122
150
221
490
945
1912
2721
3563
3848
3747
3477
3130
2970
2938
3015
3185
3337
3535
3702
3915
4073
4300
4515
4853
5081
5311
5433
5565
5714
5787
5793
5751
5640
5518
5351
5239
5174
5148
5107
5030
4742
4283
3241
2360
1369
867
453
292
174
137
87
84
78
79
64
65
65
64
60
54
61
56
60
73
76
75
64
75
85
91
91
88
88
80
75
90
89
89
86
94
86
81
83
87
80
79
74
81
80
90
90
96
87
94
88
95
81
102
108
130
175
262
529
942
1802
2490
3075
3158
2946
2755
2595
2636
2783
3144
3481
3959
4271
4549
4652
4740
4760
4801
4819
4890
4956
5103
5222
5354
5414
5460
5493
5477
5401
5299
5221
5147
5098
5102
5092
5111
5136
5136
5104
5082
5084
5086
5087
5043
4997
4980
4993
4970
4897
4839
4759
4717
4729
4776
4856
4848
4588
4018
2805
1834
926
533
273
168
127
104
102
89
85
74
72
66
63
65
80
79
71
61
64
58
58
80
92
91
88
95
100
98
94
83
85
77
80
72
84
73
83
87
96
85
88
92
103
94
96
89
101
84
95
91
104
98
102
100
113
108
110
98
106
126
174
314
566
1263
2132
3326
3914
4092
3910
3540
3336
3241
3331
3616
3875
4393
4728
5128
5332
5489
5568
5679
5765
5892
5991
6138
6260
6357
6454
6475
6467
6440
6433
6435
6423
6395
6345
6340
6395
6468
6533
6557
6573
6632
6786
6861
6840
6706
6510
6420
6451
6512
6589
6668
6749
6784
6776
6675
6416
5530
4481
2993
2076
1169
734
393
267
176
138
122
112
111
93
96
96
101
103
106
104
80
86
80
94
91
86
88
86
87
77
83
83
82
79
77
93
90
90
88
88
90
75
65
66
64
73
81
77
82
75
81
83
84
79
76
88
85
87
90
89
92
89
93
97
88
79
85
90
88
86
87
87
68
64
61
72
74
75
81
77
83
77
82
70
74
65
73
60
65
68
73
74
75
74
74
78
74
64
56
56
72
72
54
52
50
50
61
63
68
79
79
78
72
76
67
60
65
62
62
54
44
44
57
65
65
71
72
74
73
77
82
79
83
82
79
75
77
76
82
82
85
88
83
87
83
91
80
88
85
88
90
87
90
86
92
81
89
84
83
80
75
85
73
80
70
72
80
82
90
85
80
77
82
83
86
89
93
90
88
83
83
88
87
72
75
70
86
82
90
78
98
