-96
-85
-77
-64
-73
-65
-63
-74
-69
-63
-72
-64
-60
-65
-51
-53
-70
-60
-64
-66
-66
-66
-71
-71
-60
-71
-61
-61
-70
-66
-64
-73
-63
-62
-73
-70
-60
-71
-60
-64
-65
-67
-57
-72
-61
-58
-63
-62
-60
-66
-64
-63
-72
-55
-44
-31
-19
5
16
42
57
71
94
121
157
224
282
346
389
427
424
325
243
167
127
134
169
266
386
541
693
677
551
454
444
582
1000
1317
1291
1047
802
787
934
1065
1029
926
888
979
1173
1256
1129
879
615
573
678
825
1021
1191
1030
771
781
1131
1546
1829
1537
899
702
820
1233
1854
1894
1328
1020
1105
1356
1378
1461
1011
750
891
1431
1850
1875
1231
895
952
1893
1033
1099
1623
1043
854
1231
2040
2516
2175
1298
1003
1427
2343
2804
2419
1415
1047
1467
2712
3413
2966
1829
1307
1431
2713
6893
7822
5293
2349
1534
2202
4697
6287
3869
1778
1145
1339
2399
3336
2847
1593
1025
1028
1665
2812
2767
1681
1009
707
900
1562
1989
2070
1411
910
687
883
1477
1794
1487
1001
610
662
1468
2501
2965
2433
1328
881
948
1538
2360
2270
1451
910
715
984
1711
1868
1751
1276
886
655
807
1437
1665
1664
1304
820
782
1337
1789
2169
2472
1885
1386
1815
3375
533
-403
1717
1757
1436
1711
2355
2739
2877
2375
1726
1355
1564
2060
2199
2137
1685
989
763
1016
1640
2581
2449
1555
1008
845
1223
2436
3008
2288
1472
792
659
963
1413
1767
1617
1034
826
1006
1747
2181
2286
2139
1405
1000
1179
1742
2404
2496
1878
1265
897
1126
2136
2216
2302
1800
1033
818
1306
1969
2234
2003
1508
957
949
1609
2032
2223
2168
1629
1267
1219
1621
2334
2702
2617
2083
1313
1201
2013
2358
1959
2139
1846
1255
793
905
1665
2180
2332
1966
1328
719
630
1115
1967
2756
2518
1627
1052
690
781
1497
2332
2573
1975
1103
671
366
327
534
986
2040
2426
1813
1185
641
484
518
919
1544
1973
1579
955
738
1006
2035
5037
5080
2622
1397
795
914
1847
2624
2007
1255
850
1110
3063
6690
7780
4817
2109
1385
1762
2766
3461
2744
1802
1078
1059
2122
4022
5751
5120
3043
1890
1216
1355
2795
5688
9149
7418
3821
2188
1239
1195
2375
5363
10059
7978
3675
1542
981
1014
1594
2660
2696
1809
1221
978
1490
5624
12871
10268
5474
2173
1216
958
1349
2782
4180
4307
3282
1943
1357
1164
1613
3235
10574
15310
8806
4310
1604
969
1124
1778
2582
2307
1496
1109
1081
1617
3803
7302
8619
5476
2329
1297
983
1371
2680
3837
3464
2282
1141
732
649
964
1604
2544
2374
1512
1023
754
842
1511
2648
3760
3214
1811
1098
782
1093
2992
5638
4884
2814
1260
932
1689
3797
5940
4207
1861
1055
843
1227
1798
1883
1421
833
631
934
1844
2696
2489
1538
952
633
853
2682
5057
4501
2719
1465
1258
1016
677
705
960
927
763
478
107
-129
-227
-226
-207
-188
-170
-151
-119
-106
-97
-96
-79
-80
-85
-79
-71
-68
-66
-65
-62
-60
-51
-61
-62
-59
-58
-53
-60
-51
-58
-53
-55
-49
-63
-58
-63
-59
-67
-81
-79
-80
-71
-70
-66
-63
-67
-60
-74
-63
-64
-55
-62
-59
-60
-64
-61
-68
-58
-67
-74
-73
-79
-77
-70
-62
-70
-67
-68
-64
-62
-72
-64
-64
-55
-64
-53
-61
-60
-61
-59
-54
-55
-56
-61
-58
-63
-59
-62
-65
-66
-66
-61
-66
-71
-68
-67
-64
-69
-62
-78
-80
-89
-81
-69
-65
-61
-68
-67
-70
-66
-72
-67
-66
-72
-70
-70
-63
-67
-70
-66
-73
-68
-65
-61
-65
-61
-65
-71
-66
-65
-68
-76
-75
-77
-74
-74
-65
-69
-65
-71
-65
-78
-69
-70
-71
-71
-67
-60
-64
-65
-73
-66
-66
-64
-77
-80
-83
-74
-73
-65
-67
-62
-67
-64
-73
-62
-69
-62
-68
-69
-73
-66
-65
-68
-66
-67
-65
-64
-67
-66
-72
-80
-77
-82
-73
-70
-66
-77
-76
-86
-72
-80
-68
-76
-75
-79
-70
-69
-71
-68
-74
-67
-66
-70
-73
-76
-86
-88
-82
-73
-75
-80
-93
-101
-94
-77
-83
-77
-75
-69
-70
-64
-67
-67
-62
-72
-58
-61
-57
-61
-66
-70
-72
-72
-67
-62
-68
-63
-62
-58
-54
-74
-62
-72
-58
-65
-66
-54
-54
-63
-58
-52
-56
-54
-64
-58
-60
-55
-62
-57
-59
-61
-79
-80
-82
-77
-67
-59
-56
-55
-53
-65
-60
-58
-61
-57
-57
-59
-58
-60
-54
-56
-54
-55
-43
-46
-41
-39
-32
-32
-32
-33
-38
-36
-37
-34
-35
-42
-46
-52
-54
-64
-52
-52
-60
-60
-73
-53
-53
-47
-50
-50
-48
-46
-48
-49
-51
-48
-45
-48
-50
-50
-49
-50
-54
-51
-55
-50
-54
-46
-48
-61
-52
-55
-48
-48
-44
-41
-44
-46
-44
-47
-46
-48
-59
-62
-64
-61
-51
-48
-41
-48
-43
-47
-45
-44
-41
-46
-50
-49
-51
-59
-54
-54
-57
-53
-49
-48
-42
-67
-71
-72
-65
-64
-43
-46
-34
-39
-33
-37
-34
-40
-45
-45
-51
-55
-53
-55
-54
-60
-63
-71
-72
-76
-87
-82
-90
-82
-90
-81
-85
-77
-86
-74
-78
-74
-89
-92
-94
-88
-81
-75
-75
-71
-73
-73
-77
-69
-72
-67
-81
-74
-69
-74
-79
-89
-82
-85
-69
-69
-65
-64
-68
-80
-72
-67
-66
-71
-71
-69
-65
-70
-66
-71
-70
-81
-76
-74
-70
-69
-78
-74
-76
-71
-73
-74
-72
-73
-73
-67
-68
-66
-66
-67
-72
-75
-70
-66
-73
-73
-82
-87
-89
-90
-86
-80
-75
-74
-68
-71
-70
-84
-72
-68
-72
-71
-75
-68
-68
-69
-72
-58
-67
-63
-75
-66
-80
-67
-75
-78
-81
-80
-72
-70
-67
-65
-69
-69
-73
-69
-74
-72
-78
-82
-76
-77
-73
-82
-75
-77
-71
-71
-67
-68
-69
-69
-72
-69
-81
-76
-82
-81
-70
-68
-63
-67
-56
-65
-59
-54
-61
-60
-60
-69
-71
-58
-59
-69
-67
-70
-66
-61
-53
-62
-57
-60
-61
-58
-62
-50
-69
-52
-57
-52
-56
-48
-54
-53
-53
-55
-62
-52
-50
-57
-51
-52
-56
-53
-54
-62
-59
-59
-148
-130
-91
-86
-71
-73
-64
-80
