0.02
0.02
-0.14
-0.30
-0.30
-0.32
-0.30
-0.30
-0.26
-0.28
-0.24
-0.30
-0.29
-0.34
-0.28
-0.32
-0.34
-0.37
-0.37
-0.35
-0.37
-0.38
-0.40
-0.44
-0.49
-0.48
-0.44
-0.50
-0.46
-0.61
-0.64
-0.77
-0.78
-0.77
-0.68
-0.64
-0.61
-0.61
-0.63
-0.61
-0.60
-0.65
-0.69
-0.72
-0.73
-0.72
-0.70
-0.69
-0.71
-0.71
-0.72
-0.69
-0.71
-0.66
-0.68
-0.62
-0.65
-0.57
-0.58
-0.53
-0.53
-0.54
-0.47
-0.47
-0.39
-0.42
-0.40
-0.38
-0.36
-0.34
-0.38
-0.39
-0.40
-0.43
-0.41
-0.35
-0.30
-0.33
-0.32
-0.41
-0.40
-0.45
-0.43
-0.45
-0.55
-0.57
-0.62
-0.59
-0.62
-0.59
-0.60
-0.59
-0.63
-0.61
-0.60
-0.62
-0.61
-0.61
-0.60
-0.57
-0.60
-0.59
-0.61
-0.63
-0.58
-0.58
-0.51
-0.50
-0.48
-0.55
-0.50
-0.50
-0.41
-0.39
-0.31
-0.25
-0.13
0.06
0.33
0.82
1.49
2.31
3.00
3.75
4.71
5.71
6.98
8.25
9.77
11.25
13.15
15.00
17.17
19.14
21.68
24.07
26.88
29.36
32.03
34.44
37.29
39.95
42.46
45.38
48.15
51.40
54.64
58.60
62.24
66.19
69.58
72.78
75.20
77.36
79.05
80.67
81.85
82.83
83.61
84.31
84.91
85.46
86.08
86.59
87.03
87.29
87.48
87.59
87.71
87.76
87.85
87.90
87.95
88.00
88.02
88.00
88.00
87.97
87.94
87.85
87.80
87.68
87.53
87.21
86.71
85.64
83.88
79.84
74.70
67.60
60.46
52.59
45.86
39.46
34.26
29.20
24.98
20.88
17.60
14.62
12.24
10.28
8.43
6.96
5.57
4.52
3.62
2.95
2.32
1.81
1.39
0.99
0.67
0.38
0.21
0.09
0.07
-0.01
-0.02
-0.07
-0.09
-0.07
-0.09
-0.05
-0.05
-0.04
-0.01
0.00
0.05
0.06
0.09
0.09
0.13
0.14
0.12
0.10
0.04
0.05
-0.01
-0.01
-0.00
0.00
0.08
0.14
0.32
0.65
1.21
1.81
2.62
3.42
4.50
5.52
6.90
8.27
9.90
11.41
13.00
15.24
17.41
19.91
22.31
25.22
27.93
30.75
33.28
36.21
38.77
41.51
44.00
47.20
50.39
53.91
57.12
60.76
63.93
67.16
69.84
72.03
74.17
76.12
78.32
80.17
81.98
83.43
84.84
85.89
86.87
87.63
88.38
88.91
89.30
89.55
89.77
89.94
90.19
90.30
90.29
90.20
90.15
90.18
90.14
90.03
89.80
89.58
89.32
88.94
88.37
87.41
86.00
83.59
80.75
76.72
72.20
66.14
60.04
54.01
47.55
41.89
36.19
31.46
26.98
23.33
19.93
17.24
14.72
12.63
10.58
8.84
7.21
5.91
4.77
3.79
2.91
2.20
1.61
1.17
0.81
0.63
0.46
0.37
0.25
0.21
0.11
0.08
0.01
-0.03
-0.06
-0.08
-0.07
-0.03
-0.01
-0.01
-0.02
0.10
0.18
0.24
0.28
0.27
0.29
0.27
0.30
0.35
0.31
0.28
0.21
0.18
0.14
0.12
0.13
0.14
0.29
0.61
0.93
1.42
1.87
2.56
3.31
4.52
5.69
7.00
8.08
9.42
10.92
12.82
14.57
16.70
19.00
21.57
23.83
26.35
28.86
31.28
33.90
36.63
39.79
42.69
45.82
48.50
51.46
54.04
56.87
59.29
61.98
64.44
67.29
69.91
72.72
75.14
77.51
79.53
81.30
83.15
84.60
85.87
86.89
87.91
88.87
89.90
90.78
91.55
92.08
92.45
92.56
92.50
92.32
92.13
91.90
91.62
91.28
90.82
90.06
89.08
87.49
85.39
81.59
76.98
70.70
64.48
57.41
51.12
44.63
39.08
33.57
29.11
24.83
21.46
18.44
16.12
13.96
12.24
10.74
9.28
8.03
6.81
5.78
4.81
3.96
3.17
2.49
1.89
1.46
1.14
0.88
0.65
0.50
0.27
0.12
-0.02
-0.06
-0.08
0.02
0.08
0.13
0.16
0.19
0.23
0.26
0.26
0.29
0.29
0.31
0.36
0.31
0.29
0.23
0.19
0.19
0.18
0.12
0.14
0.29
0.56
0.96
1.56
2.24
3.26
4.28
5.53
6.77
8.37
9.97
12.11
14.45
17.30
20.09
23.03
26.97
30.61
34.29
37.85
41.86
45.49
49.19
52.53
55.90
58.81
61.96
64.87
68.01
70.68
73.38
75.57
77.66
79.41
80.94
82.49
83.65
84.67
85.53
86.53
87.37
88.10
88.53
88.83
89.24
89.50
89.68
89.66
89.69
89.61
89.53
89.32
89.02
88.61
88.05
87.25
85.38
82.45
77.28
71.38
63.71
56.29
48.37
41.65
35.03
29.60
24.56
20.65
17.18
14.55
12.12
10.23
8.42
7.05
5.93
4.81
3.94
3.11
2.49
1.92
1.51
1.15
0.86
0.68
0.53
0.46
0.40
0.38
0.39
0.41
0.42
0.42
0.38
0.35
0.37
0.38
0.29
0.20
0.12
0.02
0.02
0.04
0.05
0.13
0.18
0.26
0.29
0.21
0.19
0.18
0.29
0.50
0.82
1.20
1.67
2.25
2.88
3.69
4.64
5.87
7.10
8.49
9.88
11.62
13.36
15.61
17.87
20.70
23.56
26.81
31.00
34.89
39.02
42.69
46.70
50.56
54.97
59.16
63.58
67.45
71.28
74.45
77.50
80.00
82.37
84.25
85.96
87.33
88.50
89.38
90.08
90.70
91.22
91.58
91.78
91.82
91.77
91.68
91.57
91.29
90.97
90.41
89.93
89.20
88.30
86.56
84.30
80.24
75.51
70.16
63.18
56.64
49.60
43.82
38.34
33.91
29.66
26.28
23.22
20.83
18.55
16.66
14.72
13.15
11.58
10.27
9.00
8.00
7.17
6.26
5.52
4.70
4.06
3.38
2.92
2.35
1.99
1.60
1.34
1.07
0.92
0.76
0.63
0.55
0.44
0.38
0.36
0.33
0.33
0.28
0.29
0.26
0.29
0.34
0.37
0.39
0.33
0.35
0.28
0.29
0.19
0.20
0.14
0.17
0.21
0.34
0.52
0.76
1.10
1.59
2.38
3.51
4.60
5.91
7.23
8.74
10.05
11.41
12.64
14.18
15.69
17.70
19.72
21.90
24.64
27.36
30.73
33.86
37.41
40.51
44.05
47.48
51.29
54.59
58.15
61.35
64.76
67.84
71.23
74.05
76.83
79.26
81.81
83.81
85.36
86.69
87.78
88.75
89.51
90.13
90.63
91.30
91.91
92.51
92.91
93.36
93.66
93.97
94.14
94.09
93.77
93.17
92.49
91.70
90.36
88.71
86.13
83.28
79.03
74.36
68.11
61.96
55.10
49.30
43.84
39.42
35.13
31.33
27.46
24.24
21.26
18.75
16.36
14.38
12.70
11.12
9.86
8.80
8.04
7.41
6.98
6.59
6.22
5.75
5.31
4.71
4.20
3.70
3.27
2.86
2.48
2.14
1.79
1.52
1.21
0.95
0.76
0.61
0.50
0.42
0.38
0.35
0.33
0.30
0.32
0.38
0.40
0.39
0.38
0.40
0.39
0.40
0.43
0.38
0.41
0.37
0.40
0.37
0.35
0.32
0.38
0.51
0.53
0.50
0.45
0.40
0.36
0.37
0.37
0.41
0.42
0.41
0.42
0.37
0.39
0.40
0.47
0.43
0.42
0.32
0.31
0.27
0.29
0.38
0.42
0.43
0.42
0.44
0.48
0.57
0.67
0.73
0.81
0.87
0.92
1.00
1.10
1.34
1.59
1.94
2.18
2.45
2.64
3.13
3.72
4.83
6.10
7.60
10.04
12.89
16.95
21.05
26.68
32.70
40.07
46.54
53.18
58.94
65.07
70.38
75.46
79.33
82.63
84.96
86.79
87.81
88.48
88.88
89.21
89.57
89.75
89.89
89.90
90.07
90.18
90.29
90.23
90.13
90.03
89.99
89.92
89.79
89.69
89.57
89.43
89.08
88.61
87.99
86.90
85.42
82.94
79.86
75.14
70.00
63.67
57.60
51.14
45.51
39.62
34.32
28.95
24.54
20.48
17.27
14.32
11.91
9.81
7.79
6.13
4.65
3.52
2.54
1.84
1.34
1.00
0.79
0.63
0.56
0.52
0.58
0.67
0.72
0.71
0.70
0.70
0.70
0.66
0.61
0.60
0.61
0.61
0.63
0.62
0.58
0.59
0.55
0.57
0.51
0.53
0.48
0.51
0.57
0.63
0.88
1.13
1.72
2.43
3.48
4.75
6.74
8.74
11.19
13.76
17.20
21.18
26.69
32.35
39.53
46.51
54.74
62.11
68.54
74.80
79.68
83.85
86.81
89.26
90.84
91.90
92.53
93.08
93.34
93.32
93.14
92.95
92.86
92.73
92.61
92.33
92.10
91.80
91.49
91.27
90.86
90.25
88.61
86.29
82.49
77.74
70.83
63.60
54.96
47.11
39.14
32.64
26.69
22.02
17.78
14.34
11.07
8.43
6.27
4.40
3.06
2.11
1.40
0.94
0.72
0.52
0.47
0.49
0.47
0.50
0.58
0.65
0.69
0.76
0.76
0.77
0.74
0.71
0.68
0.58
0.50
0.42
0.38
0.34
0.49
0.70
1.02
1.41
1.99
2.69
3.80
5.07
6.99
9.15
12.26
15.83
21.10
27.53
33.67
40.82
47.83
55.94
63.23
70.39
76.08
80.85
84.06
86.49
88.29
89.79
90.72
91.28
91.61
91.85
91.89
91.80
91.63
91.40
91.14
90.93
90.64
90.32
90.01
89.56
88.57
87.12
84.63
81.32
75.70
69.60
61.80
54.25
45.89
38.75
32.45
26.22
21.13
16.26
12.37
8.83
6.15
4.08
2.70
1.80
1.33
1.09
0.96
0.91
0.91
0.91
0.95
0.93
0.92
0.91
0.90
0.92
0.95
0.94
0.86
0.85
0.80
0.78
0.77
0.74
0.76
0.78
0.91
1.08
1.42
1.90
2.80
4.05
5.76
8.51
11.49
15.78
20.32
25.86
31.12
36.93
42.12
47.90
53.65
60.77
67.14
73.33
78.29
82.56
85.54
87.80
89.29
90.47
91.18
91.51
91.56
91.59
91.67
91.71
91.84
91.85
91.80
91.61
91.17
90.63
89.65
88.36
86.06
83.49
78.63
72.60
64.18
56.10
48.65
40.98
34.73
29.00
24.59
20.20
16.85
13.59
10.92
8.26
6.17
4.26
2.91
1.94
1.32
1.08
0.95
0.96
0.93
0.94
0.94
0.93
0.92
0.93
0.90
0.87
0.84
0.87
0.82
0.77
0.72
0.71
0.65
0.66
0.68
0.83
1.04
1.37
1.79
2.33
2.94
3.66
4.47
5.50
6.66
8.62
11.10
14.95
19.35
25.33
31.30
38.86
46.38
55.48
63.85
71.02
77.58
82.44
86.23
88.82
90.62
91.78
92.35
92.74
92.94
93.08
92.95
92.73
92.38
92.12
91.96
91.89
91.72
91.48
91.17
90.60
89.89
88.42
86.35
82.66
77.86
70.44
62.75
53.83
46.16
38.66
32.71
27.23
23.06
19.22
16.22
13.25
10.73
8.14
6.02
4.39
2.97
2.04
1.46
1.23
1.15
1.13
1.12
1.10
1.13
1.15
1.11
1.10
1.06
1.03
0.93
0.94
0.86
0.87
0.83
0.77
0.76
0.76
0.84
0.91
1.18
1.56
2.10
2.84
3.67
4.85
6.04
7.49
9.07
11.39
14.02
17.05
21.46
26.29
32.39
38.92
47.60
56.72
67.00
75.21
82.02
86.71
90.30
92.63
94.08
94.72
95.04
95.18
95.13
95.02
94.83
94.66
94.49
94.24
94.05
93.58
92.95
91.65
89.83
86.70
82.84
76.51
69.26
59.88
51.11
42.22
35.03
28.53
23.52
19.55
15.98
13.26
10.77
8.77
6.88
5.30
3.76
2.62
1.78
1.30
0.99
0.87
0.80
0.80
0.78
0.82
0.79
0.77
0.67
0.58
0.55
0.51
0.48
0.44
0.38
0.35
0.38
0.53
0.79
1.24
1.75
2.59
3.57
5.01
6.57
8.42
10.25
12.66
15.28
18.15
21.65
25.14
29.07
33.24
38.89
44.82
52.24
59.57
67.63
74.42
80.40
84.60
87.82
90.00
91.46
92.15
92.49
92.66
92.57
92.13
91.52
90.61
89.82
88.95
88.02
86.27
83.99
79.69
74.27
66.25
57.97
48.17
39.64
31.62
25.48
20.21
15.87
12.57
9.88
7.79
5.98
4.63
3.48
2.64
1.97
1.48
1.21
1.05
1.07
1.10
1.20
1.21
1.24
1.18
1.12
1.11
1.02
1.04
0.98
1.00
0.99
0.92
0.99
0.94
0.89
0.85
0.86
0.91
1.02
1.02
0.99
1.05
1.06
1.08
1.08
1.12
1.25
1.46
1.90
2.46
3.56
4.85
7.10
9.82
14.45
20.25
28.84
37.98
48.96
59.06
69.34
77.23
83.31
87.36
90.01
91.54
92.12
91.82
91.03
89.48
87.51
84.07
79.31
71.42
62.60
51.49
41.20
30.85
22.45
15.15
9.97
6.29
3.97
2.54
1.74
1.31
1.10
0.97
0.93
0.91
0.90
0.88
0.84
0.79
0.77
0.82
1.11
1.55
2.68
4.37
7.58
11.66
17.28
25.76
34.36
44.45
53.64
62.96
69.94
75.50
79.08
81.36
82.39
82.68
82.54
81.93
81.13
77.89
72.24
62.03
50.96
38.47
28.05
19.62
12.56
7.72
4.74
3.02
2.06
1.55
1.27
1.13
1.02
0.84
0.76
0.68
0.64
0.70
0.87
1.38
2.31
4.89
8.53
14.82
22.07
32.27
42.01
52.31
60.66
68.09
73.57
77.75
80.31
81.72
82.46
82.89
82.96
82.33
80.97
78.25
72.50
64.97
53.52
42.37
31.00
21.95
14.40
9.30
5.83
3.68
2.47
1.79
1.41
1.23
1.16
1.12
1.06
1.04
1.00
1.01
1.00
1.12
1.38
2.29
3.78
6.53
10.27
17.00
25.05
35.08
44.28
54.01
61.87
68.61
73.36
77.18
79.49
80.74
81.33
81.28
80.64
79.24
75.56
69.99
60.54
50.33
38.78
29.15
20.37
13.90
8.78
5.47
3.24
1.92
1.14
0.76
0.59
0.48
0.50
0.57
0.58
0.69
0.66
0.66
0.62
1.10
2.08
4.39
7.50
13.07
19.88
30.22
40.34
50.92
59.57
67.17
72.60
76.26
78.87
80.43
81.02
80.94
80.26
79.36
77.65
73.78
67.20
59.45
48.87
38.78
28.40
20.13
13.25
8.60
5.56
3.50
2.30
1.63
1.33
1.12
1.02
0.97
0.90
0.87
0.86
0.91
0.96
1.09
1.35
2.07
3.23
5.68
8.82
12.80
19.31
26.59
35.34
43.72
53.21
61.61
69.15
74.62
78.83
81.68
83.44
84.21
84.12
83.55
82.43
80.85
77.18
71.38
63.17
51.25
39.96
28.58
19.63
12.27
7.44
4.28
2.49
1.47
0.98
0.75
0.61
0.54
0.53
0.52
0.56
0.60
0.58
0.61
0.85
1.50
3.20
5.75
9.91
14.55
21.83
30.08
40.19
49.35
58.91
66.47
72.48
76.39
78.77
80.06
80.78
81.25
81.33
81.03
80.02
76.81
71.65
62.48
52.33
40.39
30.35
21.13
14.24
8.98
5.46
3.13
1.76
1.09
0.75
0.62
0.59
0.54
0.51
0.46
0.42
0.43
0.43
0.39
0.35
0.38
0.62
1.23
2.59
4.71
8.29
12.58
19.48
29.39
41.47
52.57
62.20
70.80
77.23
82.43
85.91
87.85
88.70
88.61
88.41
88.00
87.44
85.86
83.08
77.29
70.18
59.60
48.76
36.81
26.97
18.97
12.27
7.76
4.77
3.05
2.08
1.57
1.28
1.18
1.09
1.10
1.02
0.98
0.89
0.87
0.81
0.85
1.16
1.81
2.92
5.13
8.14
13.10
19.04
28.07
37.34
48.01
57.34
65.87
72.28
77.49
80.93
82.93
84.00
84.34
84.30
83.63
82.38
78.84
73.55
66.23
55.01
43.88
32.33
23.14
15.39
10.08
6.37
4.10
2.72
1.96
1.55
1.36
1.29
1.24
1.18
1.15
1.06
1.08
1.11
1.18
1.35
1.69
2.28
3.49
5.43
8.84
13.12
19.93
27.29
36.56
45.37
54.85
62.77
69.58
74.57
78.92
81.97
84.02
85.36
86.10
86.30
86.02
84.89
82.58
76.72
68.65
56.63
44.82
32.58
23.02
14.92
9.42
5.69
3.53
2.21
1.50
1.23
1.14
1.12
1.07
1.07
1.04
1.05
1.02
1.02
0.95
0.95
0.88
0.89
0.91
0.92
0.96
1.02
1.19
1.62
2.51
4.85
8.35
15.60
26.02
41.09
54.07
64.11
70.16
72.85
72.96
69.39
63.24
52.72
41.74
30.00
20.88
13.51
8.60
5.51
3.45
2.37
1.72
1.51
1.71
2.60
5.28
8.95
15.27
23.73
36.66
48.11
57.19
62.24
63.27
61.35
55.20
47.40
38.49
28.13
19.80
12.86
8.27
5.14
3.36
2.30
1.84
1.84
2.38
4.19
6.94
11.40
17.08
27.45
39.24
51.22
59.65
64.92
67.06
66.41
61.73
54.87
44.68
34.95
25.20
17.74
11.72
7.71
4.93
3.35
2.34
1.85
1.79
2.30
4.15
7.20
12.14
17.58
24.79
36.05
46.48
55.16
60.48
62.50
61.73
57.14
50.88
41.65
32.59
23.31
16.26
10.70
6.98
4.50
3.11
2.24
1.86
1.93
2.69
4.48
8.36
13.85
25.34
35.99
46.70
55.05
61.24
64.64
65.30
63.59
57.92
50.43
40.30
31.13
23.36
16.59
11.77
8.09
5.65
3.95
2.90
2.43
2.28
2.58
3.47
6.17
10.30
17.90
27.24
39.64
50.15
58.41
63.14
65.33
65.29
63.46
58.20
51.28
41.59
32.45
23.42
16.56
11.13
7.56
5.05
3.51
2.67
2.24
2.42
3.09
5.12
8.28
13.37
22.91
33.52
46.03
55.76
62.91
66.93
69.03
69.79
68.94
66.48
60.94
54.11
44.35
34.99
25.59
18.31
12.46
8.44
5.64
3.87
2.82
2.27
2.09
2.48
3.52
6.48
10.44
16.82
24.84
37.76
49.75
60.11
66.80
70.82
72.75
72.63
70.83
65.87
59.27
51.38
41.33
32.46
23.93
17.47
12.24
8.65
6.14
4.54
3.60
3.01
2.93
3.29
5.17
8.57
15.64
24.69
36.97
48.52
58.00
65.34
69.81
72.42
73.45
72.58
69.93
63.91
56.36
45.97
36.28
25.68
17.98
12.03
8.06
5.31
3.69
2.69
2.16
2.01
2.45
3.69
7.36
12.92
22.97
34.20
48.26
59.59
68.32
73.55
76.53
77.73
76.84
73.92
67.17
58.76
49.07
37.87
28.39
20.00
14.00
9.53
6.58
4.61
3.47
3.01
3.17
4.52
7.41
14.04
22.80
35.60
47.30
57.94
65.29
69.94
72.59
73.46
72.11
69.07
63.31
56.45
46.87
37.49
27.76
19.94
13.28
8.65
5.42
3.53
2.37
1.74
1.34
1.05
0.86
0.74
0.77
0.81
0.80
0.76
0.74
0.75
0.76
0.81
0.81
0.85
0.83
0.84
0.81
0.83
0.82
0.83
0.82
0.82
0.85
0.84
0.87
0.85
0.83
0.86
0.85
0.84
0.79
0.73
0.70
0.70
0.80
0.82
0.85
0.81
0.85
0.83
0.86
0.86
0.83
0.87
0.83
0.89
0.85
0.90
0.88
0.90
0.89
0.82
0.83
0.87
0.89
0.88
0.90
0.91
0.91
0.91
1.00
0.98
1.00
1.00
1.02
1.07
1.04
1.04
0.99
0.91
0.81
0.78
0.78
0.82
0.89
0.93
1.01
1.05
1.02
1.03
0.98
1.06
1.18
1.56
2.07
2.96
3.82
4.83
5.70
6.39
6.72
6.50
5.90
4.91
4.01
3.14
2.49
2.08
1.84
1.82
2.12
2.68
3.74
4.95
6.39
7.57
8.55
9.09
9.14
8.70
7.64
6.40
5.08
4.06
3.27
2.86
2.87
3.22
3.83
4.91
6.09
7.41
8.40
9.04
9.13
8.54
7.60
6.34
5.15
4.13
3.56
3.48
3.78
4.70
5.85
7.48
8.96
10.18
11.14
11.40
10.77
9.51
7.69
6.11
4.70
3.76
3.28
3.26
3.71
4.50
5.84
7.28
8.76
9.89
10.51
10.42
9.40
8.00
6.50
5.08
4.08
3.49
3.34
3.89
4.77
6.31
7.82
9.34
10.35
10.72
10.25
8.92
7.47
5.87
4.64
3.72
3.26
3.30
4.06
5.46
7.15
8.56
9.66
10.21
9.85
8.91
7.27
5.86
4.53
3.70
3.25
3.30
3.72
4.57
5.54
6.73
7.79
8.64
9.00
8.66
7.75
6.41
5.14
4.18
3.60
3.51
3.85
4.77
6.02
7.48
8.78
9.59
9.78
9.28
7.91
6.51
4.99
3.94
3.32
3.26
3.65
4.45
5.78
7.08
8.40
9.35
9.84
9.67
8.57
7.20
5.64
4.44
3.55
3.10
3.12
4.00
5.31
7.10
8.75
10.24
11.22
11.28
10.65
9.05
7.39
5.79
4.80
4.28
4.07
4.46
5.24
6.45
8.02
9.44
10.76
11.59
11.75
11.19
9.73
8.15
6.42
5.16
4.41
4.21
4.62
5.59
7.30
9.23
11.42
13.24
14.58
15.14
14.82
13.14
11.07
8.65
6.75
5.29
4.46
4.46
5.12
6.74
8.53
10.54
12.06
12.91
12.82
11.51
9.77
7.62
5.96
4.71
4.09
4.16
5.11
6.58
8.60
10.47
12.20
13.26
13.14
12.07
9.85
7.70
5.74
4.59
4.05
4.11
4.60
5.60
6.90
8.50
9.89
10.90
11.31
10.70
9.50
7.71
6.24
4.98
4.17
3.89
4.25
5.43
6.92
8.86
10.62
12.02
12.75
12.64
11.27
9.40
7.19
5.49
4.15
3.53
3.68
4.50
5.94
7.44
8.95
10.02
10.49
10.31
9.19
7.79
6.34
4.93
3.88
3.25
3.18
4.02
5.27
6.94
8.34
9.28
9.60
8.87
7.69
6.00
4.69
3.67
3.28
3.36
3.91
5.26
6.83
8.44
9.94
10.92
10.78
9.86
8.05
6.34
4.74
3.53
2.61
1.96
1.50
1.29
1.12
1.04
0.95
0.97
0.91
0.93
0.91
0.82
0.80
0.73
0.75
0.63
0.62
0.55
0.58
0.67
0.78
0.85
0.88
0.90
0.91
0.86
0.88
0.88
0.89
0.87
0.88
0.92
0.93
0.97
0.96
0.98
0.88
0.94
0.92
0.95
0.91
0.94
0.89
0.90
0.91
0.91
0.92
0.93
0.91
0.93
0.94
0.97
1.03
1.05
1.05
1.04
1.06
1.08
1.10
1.13
1.09
1.10
1.08
1.11
1.08
1.05
1.07
1.11
1.11
1.11
1.16
1.15
1.16
1.15
1.14
1.12
1.14
1.15
1.15
1.13
1.13
1.15
1.19
1.18
1.20
1.20
1.21
1.22
1.21
1.22
1.18
1.17
1.16
1.22
1.21
1.21
1.19
1.18
1.15
1.18
1.19
1.16
1.15
1.10
1.05
1.08
1.13
1.19
1.15
1.15
1.18
1.22
1.26
1.27
1.23
1.18
1.24
1.27
1.32
1.02
0.40
-0.58
-0.57
0.04
0.56
0.82
0.92
0.93
1.01
1.11
1.18
1.24
1.31
1.10